0 77
0 78
0 79
0 80
1 78
2 77
1 77
2 76
1 76
2 75
3 75
4 74
3 74
4 73
5 74
6 75
6 76
6 77
6 78
6 79
6 80
7 81
8 82
9 83
10 83
11 84
12 85
13 86
14 87
15 88
16 89
17 90
16 91
16 92
16 93
16 94
16 95
16 96
16 97
16 98
16 99
16 100
16 101
16 102
16 103
16 104
16 105
16 106
15 107
14 107
13 107
14 108
14 109
14 110
14 111
14 112
15 112
15 111
15 110
15 109
15 108
14 106
13 106
12 106
13 105
12 105
13 104
12 104
13 103
12 103
13 102
12 102
11 102
12 101
11 101
12 100
11 100
10 100
10 99
9 99
11 98
12 99
13 100
13 101
14 102
14 103
14 104
14 105
14 101
14 100
14 99
13 99
14 98
13 98
12 98
13 97
14 97
14 96
13 96
12 96
14 95
14 94
14 93
13 93
12 93
11 93
10 94
9 94
8 94
7 95
6 95
5 95
6 96
7 96
8 96
9 95
8 95
5 94
4 94
4 93
3 93
3 92
3 91
2 91
2 90
1 90
2 89
1 89
0 89
1 88
0 88
0 87
0 86
0 85
11 94
13 92
14 92
17 107
17 108
17 109
17 110
18 111
17 112
18 112
18 110
18 109
18 108
17 106
17 105
17 104
17 103
17 102
17 101
17 100
17 99
17 98
17 97
17 96
17 92
17 91
17 89
16 88
15 87
16 86
16 85
16 84
16 83
16 82
16 81
14 86
13 85
12 84
11 83
10 82
9 82
8 81
7 80
7 79
7 78
6 74
6 73
5 73
5 84
6 84
7 84
7 71
8 71
9 71
10 71
11 72
10 73
9 73
8 73
11 74
12 75
13 75
14 76
15 76
16 77
17 78
18 79
19 80
19 81
20 82
20 83
21 84
21 85
22 86
23 86
24 86
25 86
26 85
25 85
27 85
28 85
29 85
30 85
31 85
32 86
33 86
34 86
35 86
36 86
37 86
38 86
39 86
40 87
41 87
42 87
43 87
44 87
45 87
46 87
47 88
48 88
49 88
50 88
51 88
52 89
53 89
54 89
55 89
56 89
57 90
58 90
59 90
60 90
61 91
62 91
63 92
64 92
65 92
66 93
67 94
68 94
69 94
70 95
71 95
72 96
73 96
74 96
75 97
76 97
77 97
78 98
79 98
80 98
81 99
82 99
83 99
84 100
85 100
86 100
87 101
88 101
89 101
90 102
91 102
92 102
93 103
94 104
95 104
96 105
97 106
98 106
99 107
100 108
101 108
102 109
103 109
104 109
105 110
106 110
107 110
108 110
109 111
110 111
111 111
112 111
113 111
114 111
115 111
116 110
117 110
111 110
112 109
111 109
110 109
109 109
109 108
108 108
107 108
106 108
105 107
104 107
103 107
102 108
102 106
101 106
100 107
101 105
100 105
99 104
98 103
97 103
96 102
95 101
94 101
93 101
92 100
91 100
90 99
89 99
88 99
87 98
86 98
85 98
84 97
83 97
82 97
81 96
80 96
79 96
78 95
77 95
76 95
75 96
75 94
74 94
73 94
72 95
72 93
71 93
70 92
69 92
68 92
67 91
66 90
65 90
64 91
63 91
65 91
66 89
66 88
66 87
67 86
66 86
67 85
68 84
67 84
68 83
69 82
68 82
69 81
70 81
71 80
70 80
71 79
72 80
73 79
72 79
73 78
72 78
73 77
72 77
71 77
70 77
69 77
68 77
67 77
66 77
65 77
64 77
63 77
62 77
61 77
60 77
59 77
58 77
57 77
56 77
55 77
54 77
53 77
52 77
51 77
51 76
50 76
49 76
48 76
47 76
46 76
45 76
44 76
43 76
43 75
42 75
41 75
40 75
39 75
38 75
37 75
36 75
35 75
35 74
34 74
33 74
32 74
31 74
30 74
29 74
28 74
27 74
27 73
26 73
25 73
24 73
23 73
22 73
21 73
20 73
19 72
18 72
17 72
16 72
15 72
14 72
13 72
12 72
11 73
12 74
13 74
14 75
15 75
16 76
17 77
18 78
19 79
13 71
12 71
11 71
14 71
59 78
60 78
61 78
62 78
63 78
64 78
65 78
66 78
67 78
72 76
73 76
74 75
75 75
76 75
77 75
78 76
77 77
76 77
79 76
80 76
81 76
82 76
83 76
84 76
85 76
86 76
87 76
88 76
89 76
90 76
91 75
92 75
93 75
94 75
95 75
96 74
97 74
98 74
99 74
100 73
101 73
102 73
103 73
104 73
105 73
106 74
107 74
108 75
109 75
110 75
111 76
112 77
113 77
114 78
115 79
116 80
117 81
118 82
119 83
120 83
121 83
122 84
122 85
122 86
122 87
122 88
121 89
121 90
121 91
121 92
121 93
122 93
123 93
124 93
125 93
126 94
126 95
125 96
124 97
123 98
122 98
121 99
120 99
119 100
119 101
119 102
118 103
118 104
118 105
118 106
117 107
116 108
115 108
114 109
113 109
118 108
119 108
120 108
121 107
120 107
119 107
118 107
121 106
122 107
123 106
122 106
123 105
124 105
125 105
126 104
125 104
124 104
126 103
127 103
128 103
129 102
128 102
129 101
130 102
131 101
130 101
131 100
132 100
133 100
134 99
133 99
135 99
136 98
135 98
137 98
138 97
137 97
139 97
140 96
139 96
141 96
142 95
141 95
142 94
143 95
144 94
143 94
144 93
145 93
146 93
147 92
146 92
147 91
148 91
149 91
150 90
149 90
148 90
151 90
152 90
153 89
152 89
154 89
155 89
156 89
157 89
158 89
159 88
158 88
157 88
160 88
161 88
162 88
163 88
164 88
165 87
164 87
166 87
167 87
168 87
169 87
170 87
171 87
172 87
173 87
174 87
175 87
176 87
177 87
178 87
179 87
180 87
181 87
182 87
183 87
184 87
185 87
186 87
187 88
188 89
189 90
189 91
190 92
190 93
191 94
191 95
192 96
192 97
192 98
193 99
193 100
193 101
194 102
195 102
196 102
197 102
197 101
196 101
197 100
196 100
197 99
196 99
196 98
195 98
196 97
195 97
196 96
195 96
194 96
193 97
193 98
194 95
196 95
197 94
196 94
197 93
197 92
197 91
197 90
196 89
196 88
196 87
196 86
196 85
196 84
196 83
196 82
197 81
196 81
197 80
197 79
196 79
197 78
196 78
195 78
194 78
193 78
192 79
191 80
190 81
189 81
188 82
187 82
186 83
185 83
184 83
183 83
182 83
181 83
180 83
179 83
178 83
177 83
176 83
175 83
176 82
175 82
174 82
173 82
172 82
171 82
170 82
169 82
168 82
167 82
166 82
165 82
166 81
165 81
164 81
163 81
162 81
161 81
160 81
160 80
159 80
158 80
157 80
156 80
156 79
155 79
154 79
153 79
152 79
153 78
152 78
151 78
152 77
151 77
151 76
151 75
151 74
151 73
151 72
151 71
152 70
151 70
152 69
151 69
152 68
151 68
152 67
151 67
152 66
152 65
152 64
152 63
152 62
152 61
152 60
152 59
152 58
152 57
152 56
151 56
152 55
151 55
152 54
151 54
152 53
151 53
152 52
151 52
152 51
151 51
152 50
151 50
152 49
151 49
152 48
153 47
152 47
153 46
154 47
155 46
154 46
155 45
156 46
157 45
156 45
158 45
159 45
160 44
159 44
161 44
162 44
163 44
164 44
165 44
166 43
165 43
167 43
168 43
169 43
170 43
171 43
172 43
173 43
174 42
173 42
172 42
175 42
176 42
177 42
178 42
179 42
180 42
181 42
182 42
183 42
184 42
185 42
186 42
187 43
188 44
189 45
190 46
190 47
191 48
191 49
192 50
192 51
192 52
193 53
193 54
193 55
193 56
194 57
194 58
194 59
195 60
195 61
196 62
197 63
198 63
199 63
198 62
197 62
198 61
198 60
199 59
198 59
197 59
198 58
197 58
197 57
197 56
196 56
197 55
196 55
197 54
196 54
197 53
196 53
197 52
197 51
198 50
197 50
198 49
199 50
199 49
199 48
199 47
199 46
198 46
199 45
198 45
199 44
198 44
197 44
197 43
197 42
197 41
197 40
197 39
197 38
197 37
198 36
197 36
198 35
199 35
199 34
198 34
197 34
198 33
198 32
199 31
198 31
197 31
196 31
195 32
194 33
193 34
193 35
192 36
191 36
190 37
189 38
188 38
187 38
186 38
185 38
184 38
183 38
182 38
181 38
180 38
179 38
178 38
177 38
176 38
175 38
174 38
173 38
172 38
171 38
170 38
169 38
168 38
168 37
167 37
166 37
165 37
164 37
163 37
162 37
161 37
160 37
159 37
159 38
159 39
159 40
160 41
159 42
160 40
160 36
159 36
158 36
157 36
156 36
155 36
154 36
153 36
152 36
152 35
151 35
150 35
149 35
148 35
149 34
148 34
147 34
147 33
146 33
146 32
145 32
144 32
145 31
144 31
143 31
142 31
141 31
142 30
141 30
140 30
139 30
138 30
137 30
138 29
137 29
137 28
137 27
137 26
138 25
137 25
138 24
139 23
138 23
139 22
139 21
139 20
140 19
140 18
140 17
140 16
139 16
139 15
138 15
139 14
138 14
139 13
138 13
139 12
139 11
140 10
139 10
140 9
141 9
142 10
142 11
143 12
143 13
143 14
142 15
141 14
141 13
144 15
144 16
144 17
143 18
143 19
143 20
144 21
144 22
144 23
145 24
145 25
145 26
145 27
146 28
146 29
146 30
146 31
147 29
148 30
148 31
148 32
148 29
148 28
148 27
147 26
147 25
147 24
147 23
146 23
146 22
146 21
146 20
145 20
145 19
145 18
141 8
140 8
141 7
142 6
141 6
142 5
143 4
142 4
143 3
142 3
143 2
142 2
141 2
140 2
139 2
139 3
138 4
137 5
137 6
136 7
135 8
134 9
133 10
132 11
131 12
130 13
129 14
128 15
127 15
126 16
125 17
124 18
123 18
122 19
121 20
121 21
120 22
119 23
118 24
117 25
117 26
116 27
115 28
115 29
114 30
113 31
112 32
111 33
110 34
109 35
108 35
107 36
106 37
105 37
104 38
103 38
102 39
101 40
100 41
99 42
99 43
98 44
97 45
97 46
96 47
96 48
95 49
95 50
94 51
94 52
94 53
93 54
93 55
93 56
94 56
95 56
96 56
97 57
98 57
99 57
100 58
101 58
102 58
103 59
104 60
105 60
106 61
107 61
108 62
109 63
110 63
111 64
112 65
113 66
114 67
115 68
115 69
116 70
117 71
117 72
118 73
118 74
119 75
120 76
120 77
120 78
121 79
121 80
120 81
119 82
118 81
117 80
116 79
115 78
114 77
121 82
122 83
123 84
123 85
123 86
124 84
125 83
124 83
125 82
126 82
127 81
126 81
125 81
126 80
127 80
128 79
127 79
128 78
127 78
128 77
129 78
129 77
130 76
129 76
130 75
129 75
130 74
131 75
131 74
132 73
131 73
132 72
131 72
132 71
133 71
133 70
132 70
133 69
134 69
134 68
135 67
134 67
135 66
134 66
135 65
136 64
135 64
136 63
135 63
136 62
137 61
136 61
137 60
136 60
137 59
136 59
137 58
137 57
137 56
138 55
137 55
138 54
137 54
138 53
137 53
138 52
137 52
138 51
137 51
138 50
137 50
138 49
137 49
138 48
137 48
138 47
137 47
138 46
137 46
137 45
136 45
137 44
136 44
136 43
135 43
136 42
135 42
135 41
134 41
134 40
133 40
134 39
133 39
132 39
133 38
132 38
131 38
132 37
131 37
130 37
129 37
128 37
127 37
126 38
125 39
124 40
123 41
122 42
121 43
120 44
119 45
118 46
117 47
116 48
115 49
114 50
114 51
113 52
112 53
111 54
110 55
109 55
108 55
107 55
106 55
105 55
104 55
103 55
104 54
103 54
102 54
101 54
100 54
99 54
98 54
99 53
98 53
97 53
96 53
95 53
95 52
95 51
100 53
111 55
112 55
113 54
112 54
113 53
114 53
114 52
115 51
116 50
115 50
116 49
117 49
118 48
117 48
118 47
119 47
120 46
119 46
120 45
121 45
122 44
121 44
122 43
123 43
123 42
124 41
125 40
126 39
127 38
112 51
112 50
112 49
111 48
111 47
110 47
110 46
110 45
109 45
109 44
108 44
108 43
108 42
107 42
106 42
106 41
105 41
104 41
128 36
129 36
130 36
131 36
129 35
128 35
129 34
130 33
129 33
130 32
129 32
130 31
131 32
132 31
131 31
133 31
134 30
133 30
135 30
122 82
121 81
119 74
118 72
117 70
116 69
115 67
114 66
113 65
112 64
111 63
109 62
108 61
106 60
104 59
96 49
97 47
98 46
98 45
99 44
100 42
101 41
102 40
103 39
105 38
107 37
108 36
110 35
111 34
112 33
113 32
114 31
115 30
116 28
117 27
118 25
119 24
120 23
121 22
122 21
122 20
123 19
124 19
125 18
126 17
127 16
128 16
129 15
130 14
131 13
132 12
133 11
134 10
135 9
136 8
137 7
138 6
138 5
139 4
140 3
140 1
141 1
141 0
140 0
143 1
144 0
143 0
178 39
179 39
180 39
181 39
182 39
183 39
184 39
185 39
186 39
187 39
188 39
190 38
191 37
192 37
193 36
194 35
195 34
194 34
195 33
196 33
196 32
196 61
195 59
195 58
194 56
194 55
193 52
191 47
190 45
189 44
189 43
188 43
188 42
187 42
177 82
178 82
179 82
180 82
181 82
182 82
187 83
189 82
191 81
192 80
193 80
194 79
193 79
194 77
195 77
196 77
197 77
194 101
194 100
192 95
191 93
190 91
189 89
188 88
187 87
186 86
185 86
184 86
183 86
182 86
181 86
180 86
179 86
178 86
177 86
176 86
175 86
174 86
173 86
119 103
120 101
121 100
120 100
122 99
123 99
124 98
125 97
126 97
127 96
126 96
127 95
127 94
127 93
126 93
122 89
112 76
78 74
79 74
80 74
81 74
82 73
83 73
84 73
85 73
86 72
85 72
86 71
87 71
87 70
88 69
88 68
88 67
89 66
89 65
89 64
90 63
90 62
90 61
90 60
91 59
91 58
74 78
97 105
94 103
23 85
22 85
20 81
7 86
19 88
19 89
20 88
158 82
158 83
158 84
158 85
158 86
159 85
159 84
!
