0 13
0 14
1 14
2 14
3 14
4 14
5 14
6 14
7 14
8 14
9 14
10 14
11 14
12 14
13 14
14 14
15 14
16 14
17 14
18 14
19 14
20 14
21 14
22 14
23 14
24 14
25 14
26 14
27 14
28 14
29 14
30 14
31 14
32 14
33 14
34 14
35 14
36 14
37 14
38 15
39 15
40 15
41 15
42 15
43 15
44 15
45 15
46 15
47 15
48 15
49 15
50 15
51 15
52 15
53 15
54 15
55 15
56 15
57 15
58 16
59 16
60 16
61 16
62 16
63 16
64 16
65 16
66 16
67 16
68 16
69 16
70 17
71 17
72 17
73 17
74 17
75 17
76 17
77 17
78 18
79 18
80 18
81 18
82 18
83 18
84 18
85 19
86 19
87 19
88 19
89 19
90 19
91 20
92 20
93 20
94 20
95 20
96 21
97 21
98 21
99 21
100 22
101 22
102 22
103 22
104 23
105 23
106 23
107 23
108 24
109 24
110 24
111 25
112 25
113 25
114 25
115 26
116 26
117 26
118 27
119 27
120 27
121 28
122 28
123 29
124 29
125 29
126 30
127 30
128 31
129 31
130 32
131 32
132 33
133 33
134 33
135 34
136 34
137 35
138 35
139 36
140 36
141 37
142 37
143 38
144 39
145 39
146 40
147 40
148 41
149 42
150 42
151 43
152 43
153 44
154 45
155 45
156 46
157 47
158 47
159 48
160 49
161 49
162 50
163 51
164 52
165 53
166 54
167 54
168 55
169 56
170 57
171 58
172 59
173 60
174 61
175 62
176 63
177 64
177 65
178 66
179 67
180 68
181 69
182 70
182 71
183 72
184 73
185 74
185 75
186 76
187 77
188 78
188 79
189 80
189 81
190 82
191 83
191 84
192 85
193 86
193 87
194 88
194 89
195 90
195 91
196 92
196 93
197 94
197 95
198 96
198 97
199 98
199 97
199 96
199 95
198 95
197 93
196 91
195 89
194 87
193 85
192 84
191 82
190 81
189 79
188 77
187 76
186 75
185 73
184 72
183 71
182 69
181 68
180 67
179 66
178 65
177 63
176 62
175 61
174 60
173 59
172 58
171 57
170 56
169 55
168 54
166 53
165 52
164 51
163 50
162 49
160 48
159 47
157 46
156 45
155 44
154 44
153 43
151 42
150 41
149 41
148 40
146 39
144 38
143 37
141 36
139 35
137 34
135 33
133 32
132 32
131 31
130 31
128 30
126 29
123 28
111 24
59 15
58 15
45 14
44 14
43 14
42 14
41 14
40 14
39 14
38 14
13 13
12 13
11 13
10 13
9 13
8 13
7 13
6 13
5 13
4 13
3 13
2 13
1 13
0 187
1 187
2 187
3 187
4 187
5 187
6 187
7 187
8 187
9 187
10 187
11 187
12 187
13 187
14 187
15 187
16 187
17 187
18 187
19 187
20 187
21 187
22 187
23 187
24 187
25 187
26 187
27 187
28 187
29 187
30 187
31 187
32 187
33 187
34 187
35 187
36 187
37 187
38 186
37 186
36 186
35 186
34 186
33 186
32 186
31 186
30 186
29 186
28 186
27 186
26 186
25 186
24 186
23 186
22 186
39 186
40 186
41 186
42 186
43 186
44 186
45 186
46 186
47 186
48 186
49 186
50 186
51 186
52 186
53 186
54 186
55 186
56 186
57 185
56 185
55 185
54 185
58 185
59 185
60 185
61 185
62 185
63 185
64 185
65 185
66 185
67 185
68 185
69 184
68 184
70 184
71 184
72 184
73 184
74 184
75 184
76 184
77 184
78 183
77 183
79 183
80 183
81 183
82 183
83 183
84 183
85 182
84 182
86 182
87 182
88 182
89 182
90 182
91 181
90 181
92 181
93 181
94 181
95 181
96 180
95 180
97 180
98 180
99 180
100 179
99 179
101 179
102 179
103 179
104 178
105 178
106 178
107 178
108 177
107 177
109 177
110 177
111 177
112 176
111 176
113 176
114 176
115 175
114 175
116 175
117 175
118 174
117 174
119 174
120 174
121 173
120 173
122 173
123 172
124 172
125 172
126 171
125 171
127 171
128 171
129 170
128 170
130 170
131 169
130 169
132 169
133 169
134 168
133 168
132 168
134 167
135 167
136 167
137 166
138 166
139 166
140 165
139 165
140 164
141 164
142 164
143 163
142 163
144 163
145 162
144 162
146 162
147 161
146 161
148 161
149 160
148 160
149 159
150 159
151 159
152 158
151 158
153 158
154 157
153 157
154 156
155 156
156 156
157 155
156 155
157 154
158 154
159 154
160 153
159 153
160 152
161 152
162 151
161 151
163 151
164 150
163 150
164 149
165 149
166 148
165 148
166 147
167 147
168 146
167 146
168 145
169 145
170 145
171 144
170 144
171 143
172 143
173 142
172 142
173 141
174 141
175 140
174 140
175 139
176 139
176 138
177 137
176 137
177 136
178 136
179 135
178 135
179 134
180 134
181 133
180 133
181 132
182 132
182 131
183 130
182 130
183 129
184 129
185 128
184 128
185 127
186 126
185 126
186 125
187 125
187 124
188 123
187 123
188 122
189 122
189 121
190 120
189 120
190 119
191 119
191 118
192 117
191 117
192 116
193 116
193 115
194 114
193 114
194 113
195 112
194 112
195 111
196 110
195 110
196 109
197 108
196 108
197 107
198 106
197 106
198 105
199 106
199 105
199 104
198 104
199 103
6 21
6 22
6 23
6 24
6 25
6 26
6 27
6 28
6 29
6 30
6 31
6 32
6 33
6 34
6 35
6 36
6 37
6 38
6 39
6 40
6 41
6 42
6 43
6 44
6 45
6 46
6 47
6 48
6 49
6 50
6 51
6 52
6 53
6 54
6 55
6 56
6 57
6 58
6 59
6 60
6 61
6 62
6 63
6 64
6 65
6 66
6 67
6 68
6 69
6 70
6 71
6 72
6 73
6 74
6 75
6 76
6 77
6 78
6 79
6 80
6 81
6 82
6 83
6 84
6 85
6 86
6 87
6 88
6 89
6 90
6 91
6 92
6 93
6 94
6 95
6 96
6 97
6 98
6 99
6 100
6 101
6 102
6 103
6 104
6 105
6 106
6 107
6 108
6 109
6 110
6 111
6 112
6 113
6 114
6 115
6 116
6 117
6 118
6 119
6 120
6 121
6 122
6 123
6 124
6 125
6 126
6 127
6 128
6 129
6 130
6 131
6 132
6 133
6 134
6 135
6 136
6 137
6 138
6 139
6 140
6 141
6 142
6 143
6 144
6 145
6 146
6 147
6 148
6 149
6 150
6 151
6 152
6 153
6 154
6 155
6 156
6 157
6 158
6 159
6 160
6 161
6 162
6 163
6 164
6 165
6 166
6 167
6 168
6 169
6 170
6 171
6 172
6 173
6 174
6 175
6 176
6 177
6 178
6 179
6 180
7 180
8 180
9 181
10 181
11 181
12 181
13 181
14 181
15 181
16 181
17 181
18 180
17 180
16 180
15 180
14 180
13 180
12 180
11 180
10 180
9 180
19 180
20 180
21 180
22 180
23 180
24 180
25 180
26 180
27 180
28 180
29 180
30 180
31 180
32 180
33 180
34 180
35 180
36 180
37 180
38 180
39 180
40 180
41 180
42 180
43 180
44 180
45 180
46 180
47 180
48 180
49 180
50 179
49 179
48 179
47 179
46 179
45 179
44 179
43 179
42 179
51 179
52 179
53 179
54 179
55 179
56 179
57 179
58 179
59 179
60 179
61 179
62 179
63 179
64 179
65 178
64 178
63 178
62 178
61 178
66 178
67 178
68 178
69 178
70 178
71 178
72 178
73 178
74 177
73 177
72 177
75 177
76 177
77 177
78 177
79 177
80 177
81 177
82 176
81 176
80 176
83 176
84 176
85 176
86 176
87 176
88 175
87 175
86 175
89 175
90 175
91 175
92 175
93 174
92 174
94 174
95 174
96 174
97 173
98 173
99 173
100 173
101 173
102 172
101 172
103 172
104 172
105 172
106 171
105 171
107 171
108 171
109 170
108 170
110 170
111 170
112 169
113 169
114 169
115 168
114 168
116 168
117 168
118 167
117 167
119 167
120 167
121 166
120 166
122 166
123 166
124 165
123 165
125 165
126 164
127 164
128 164
129 163
128 163
130 163
131 163
132 162
131 162
130 162
132 161
133 162
134 161
133 161
134 160
135 160
136 160
137 159
136 159
138 159
139 158
138 158
140 158
141 157
140 157
142 157
143 156
142 156
143 155
144 156
145 155
144 155
145 154
146 155
147 154
146 154
147 153
148 153
149 153
150 152
149 152
148 152
150 151
151 152
152 151
151 151
152 150
153 150
154 150
155 149
154 149
153 149
154 148
155 148
156 148
157 147
156 147
157 146
158 147
159 146
158 146
159 145
158 145
160 145
161 144
160 144
161 143
162 143
163 142
162 142
163 141
164 142
165 141
164 141
165 140
164 140
165 139
166 140
167 139
166 139
167 138
166 138
167 137
168 138
169 137
168 137
169 136
168 136
169 135
170 136
171 135
170 135
171 134
170 134
171 133
172 134
173 133
172 133
173 132
172 132
173 131
174 131
175 130
174 130
175 129
176 129
177 128
176 128
177 127
176 127
177 126
178 127
178 126
179 125
178 125
179 124
180 124
181 123
180 123
181 122
180 122
181 121
182 121
183 120
182 120
183 119
182 119
183 118
184 118
185 117
184 117
185 116
184 116
185 115
186 115
186 114
187 113
186 113
187 112
188 112
188 111
187 111
188 110
189 110
189 109
188 109
189 108
190 108
190 107
191 106
190 106
191 105
192 104
191 104
192 103
193 102
192 102
193 101
193 100
193 99
193 98
192 98
192 97
192 96
191 96
191 95
191 94
190 94
190 93
190 92
189 92
189 91
189 90
188 90
188 89
188 88
187 88
187 87
186 87
187 86
186 86
186 85
185 85
186 84
185 84
185 83
184 83
184 82
183 82
184 81
183 81
183 80
182 80
182 79
181 79
182 78
181 78
181 77
180 77
180 76
179 76
179 75
178 75
179 74
178 74
178 73
177 73
177 72
176 72
176 71
175 71
176 70
175 70
174 70
175 69
174 69
174 68
173 68
173 67
172 67
172 66
171 66
171 65
170 65
170 64
169 64
169 63
168 63
168 62
167 62
167 61
166 61
166 60
165 60
165 59
164 59
164 58
163 58
163 57
162 57
161 57
162 56
161 56
160 56
161 55
160 55
159 55
159 54
158 54
158 53
157 53
156 53
157 52
156 52
155 52
156 51
155 51
154 51
154 50
153 50
152 50
153 49
152 49
151 49
151 48
150 48
149 48
150 47
149 47
148 47
148 46
147 46
146 46
146 45
145 45
144 45
145 44
144 44
143 44
142 44
143 43
142 43
141 43
141 42
140 42
139 42
138 42
139 41
138 41
137 41
137 40
136 40
135 40
135 39
134 39
133 39
133 38
132 38
131 38
132 37
131 37
130 37
129 37
129 36
128 36
127 36
127 35
126 35
125 35
124 35
124 34
123 34
122 34
121 33
120 33
119 33
118 32
117 32
116 32
115 31
114 31
113 31
112 30
111 30
110 30
109 29
108 29
107 29
106 28
105 28
104 28
103 28
103 27
102 27
101 27
100 27
99 27
99 26
98 26
97 26
96 26
95 26
94 26
94 25
93 25
92 25
91 25
90 25
89 25
89 24
88 24
87 24
86 24
85 24
84 24
83 24
84 23
83 23
82 23
81 23
80 23
79 23
78 23
77 23
76 23
77 22
76 22
75 22
74 22
73 22
72 22
71 22
70 22
69 22
68 22
67 22
66 22
67 21
66 21
65 21
64 21
63 21
62 21
61 21
60 21
59 21
58 21
57 21
56 21
55 21
54 21
53 21
52 21
53 20
52 20
51 20
50 20
49 20
48 20
47 20
46 20
45 20
44 20
43 20
42 20
41 20
40 20
39 20
38 20
37 20
36 20
35 20
34 20
33 20
32 20
31 20
30 20
29 20
28 20
27 20
26 20
25 20
24 20
23 20
24 19
23 19
22 19
21 19
20 19
19 19
18 19
17 19
16 19
15 19
14 19
13 19
12 19
11 19
10 19
9 19
8 19
7 20
7 21
8 20
25 19
26 19
27 19
28 19
29 19
30 19
31 19
32 19
33 19
34 19
35 19
54 20
55 20
56 20
57 20
68 21
69 21
7 179
9 24
9 25
9 26
9 27
9 28
9 29
9 30
9 31
9 32
9 33
9 34
9 35
9 36
9 37
9 38
9 39
9 40
9 41
9 42
9 43
9 44
9 45
9 46
9 47
9 48
9 49
9 50
9 51
9 52
9 53
9 54
9 55
9 56
9 57
9 58
9 59
9 60
9 61
9 62
9 63
9 64
9 65
9 66
9 67
9 68
9 69
9 70
9 71
9 72
9 73
9 74
9 75
9 76
9 77
9 78
9 79
9 80
9 81
9 82
9 83
9 84
9 85
9 86
9 87
9 88
9 89
9 90
9 91
9 92
9 93
9 94
9 95
9 96
9 97
9 98
9 99
9 100
9 101
9 102
9 103
9 104
9 105
9 106
9 107
9 108
9 109
9 110
9 111
9 112
9 113
9 114
9 115
9 116
9 117
9 118
9 119
9 120
9 121
9 122
9 123
9 124
9 125
9 126
9 127
9 128
9 129
9 130
9 131
9 132
9 133
9 134
9 135
9 136
9 137
9 138
9 139
9 140
9 141
9 142
9 143
9 144
9 145
9 146
9 147
9 148
9 149
9 150
9 151
9 152
9 153
9 154
9 155
9 156
9 157
9 158
9 159
9 160
9 161
9 162
9 163
9 164
9 165
9 166
9 167
9 168
9 169
9 170
9 171
9 172
9 173
9 174
9 175
10 176
10 177
11 177
12 177
13 177
14 177
15 177
16 177
17 177
18 177
19 177
20 177
21 177
22 177
23 177
24 177
25 177
26 177
27 177
28 177
29 177
30 177
31 177
32 177
33 177
34 177
35 177
36 176
35 176
34 176
33 176
32 176
31 176
30 176
29 176
28 176
27 176
26 176
25 176
24 176
23 176
22 176
21 176
20 176
19 176
18 176
17 176
16 176
37 176
38 176
39 176
40 176
41 176
42 176
43 176
44 176
45 176
46 176
47 176
48 176
49 176
50 176
51 176
52 176
53 176
54 176
55 176
56 176
57 176
58 175
57 175
56 175
55 175
54 175
53 175
52 175
51 175
50 175
49 175
59 175
60 175
61 175
62 175
63 175
64 175
65 175
66 175
67 175
68 175
69 174
68 174
67 174
66 174
65 174
70 174
71 174
72 174
73 174
74 174
75 174
76 174
77 174
78 173
77 173
76 173
75 173
74 173
79 173
80 173
81 173
82 173
83 173
84 172
83 172
82 172
85 172
86 172
87 172
88 172
89 172
90 171
89 171
88 171
91 171
92 171
93 171
94 171
95 170
94 170
93 170
96 170
97 170
98 170
99 169
98 169
100 169
101 169
102 169
103 168
102 168
104 168
105 168
106 168
107 167
106 167
108 167
109 167
110 167
110 166
109 166
108 166
109 165
110 165
110 164
109 164
109 163
108 163
108 162
107 162
107 161
106 161
106 160
106 159
105 159
105 158
104 158
104 157
103 157
103 156
102 156
102 155
102 154
101 154
101 153
100 153
100 152
99 152
99 151
98 151
98 150
98 149
97 149
97 148
96 148
96 147
95 147
95 146
94 146
94 145
94 144
93 144
93 143
92 143
92 142
91 142
91 141
90 141
90 140
90 139
89 139
89 138
88 138
88 137
87 137
87 136
86 136
86 135
86 134
85 134
85 133
84 133
84 132
83 132
83 131
82 131
82 130
82 129
81 129
81 128
80 128
80 127
79 127
79 126
79 125
78 125
78 124
77 124
77 123
76 123
76 122
75 122
75 121
75 120
74 120
74 119
73 119
73 118
72 118
72 117
71 117
71 116
71 115
70 115
70 114
69 114
69 113
68 113
68 112
67 112
67 111
67 110
66 110
66 109
65 109
65 108
64 108
64 107
63 107
63 106
63 105
62 105
62 104
61 104
61 103
60 103
60 102
59 102
59 101
59 100
59 99
60 98
59 98
60 97
61 97
62 96
61 96
62 95
63 95
63 94
64 93
63 93
64 92
65 92
66 91
65 91
66 90
67 89
66 89
67 88
68 88
69 87
68 87
69 86
70 86
70 85
71 84
70 84
71 83
72 83
73 82
72 82
73 81
74 81
74 80
75 79
74 79
75 78
76 78
77 77
76 77
77 76
78 76
78 75
79 74
78 74
79 73
80 73
81 72
80 72
81 71
82 71
82 70
83 69
82 69
83 68
84 68
85 67
84 67
85 66
86 66
86 65
87 64
86 64
87 63
88 63
89 62
88 62
89 61
90 60
89 60
90 59
91 59
92 58
91 58
92 57
93 57
93 56
94 55
93 55
94 54
95 54
96 53
95 53
96 52
97 52
97 51
98 50
97 50
98 49
99 49
100 48
99 48
100 47
101 47
101 46
102 45
101 45
102 44
103 44
104 43
103 43
104 42
105 42
105 41
106 40
105 40
106 39
107 39
108 38
107 38
108 37
109 37
110 36
109 36
110 35
109 35
110 34
109 34
110 33
109 33
108 33
107 33
108 32
107 32
106 32
105 32
104 32
104 31
103 31
102 31
101 31
100 31
100 30
99 30
98 30
97 30
96 30
96 29
95 29
94 29
93 29
92 29
91 29
92 28
91 28
90 28
89 28
88 28
87 28
86 28
85 28
86 27
85 27
84 27
83 27
82 27
81 27
80 27
79 27
78 27
79 26
78 26
77 26
76 26
75 26
74 26
73 26
72 26
71 26
70 26
71 25
70 25
69 25
68 25
67 25
66 25
65 25
64 25
63 25
62 25
61 25
60 25
59 25
58 25
57 25
58 24
57 24
56 24
55 24
54 24
53 24
52 24
51 24
50 24
49 24
48 24
47 24
46 24
45 24
44 24
43 24
42 24
41 24
40 24
39 24
38 24
37 24
36 24
37 23
36 23
35 23
34 23
33 23
32 23
31 23
30 23
29 23
28 23
27 23
26 23
25 23
24 23
23 23
22 23
21 23
20 23
19 23
18 23
17 23
16 23
15 23
14 23
13 23
12 23
11 23
10 23
10 24
10 25
10 26
10 27
10 28
10 29
10 30
10 31
10 32
10 33
10 34
10 35
10 36
10 37
10 38
10 39
10 40
10 41
10 42
10 43
10 44
10 45
10 46
10 47
10 48
10 49
10 50
10 51
10 52
10 53
10 54
10 55
10 56
10 57
10 58
10 59
10 60
10 61
10 62
10 63
10 64
10 65
10 66
10 67
10 68
10 69
10 70
10 71
10 72
10 73
10 74
10 75
10 76
10 77
10 78
10 79
10 80
10 81
10 82
10 83
10 84
10 85
10 86
10 87
10 88
10 89
10 90
10 91
10 92
10 93
10 94
10 95
10 96
10 97
10 98
10 99
10 100
10 101
10 102
10 103
10 104
10 105
10 106
10 107
10 108
10 109
10 110
10 111
10 112
10 113
10 114
10 115
10 116
10 117
10 118
10 119
10 120
10 121
10 122
10 123
10 124
10 125
10 126
10 127
10 128
10 129
10 130
10 131
10 132
10 133
10 134
10 135
10 136
10 137
10 138
10 139
10 140
10 141
10 142
10 143
10 144
10 145
10 146
10 147
10 148
10 149
10 150
10 151
10 152
10 153
10 154
10 155
10 156
10 157
10 158
10 159
10 160
10 161
10 162
10 163
10 164
10 165
10 166
10 167
10 168
10 169
10 170
10 171
10 172
10 173
10 174
10 175
11 176
11 22
38 23
39 23
40 23
41 23
42 23
43 23
44 23
45 23
46 23
47 23
48 23
59 24
60 24
61 24
62 24
63 24
72 25
73 25
80 26
14 162
14 163
14 164
14 165
15 166
15 167
15 168
16 169
17 169
18 169
19 170
20 170
21 170
22 169
21 169
20 169
19 169
23 169
24 169
25 169
26 168
25 168
27 168
28 168
29 167
28 167
27 167
29 166
30 167
31 167
32 166
31 166
30 166
32 165
33 166
33 167
34 168
35 168
36 168
37 167
36 167
37 166
36 166
35 166
34 166
34 167
35 165
34 165
33 165
37 165
38 166
38 167
39 167
40 167
41 167
42 167
43 167
44 167
45 167
46 167
47 167
48 167
49 167
50 167
51 166
50 166
49 166
52 166
53 166
54 166
55 166
56 167
57 167
58 168
59 168
60 168
61 168
62 168
63 168
64 168
65 168
66 168
67 168
68 167
67 167
66 167
68 166
69 167
70 166
69 166
70 165
69 165
70 164
71 164
71 163
70 163
71 162
70 162
71 161
72 160
71 160
70 160
73 160
74 160
75 161
76 162
77 163
77 164
78 165
79 165
80 165
81 165
82 165
83 164
82 164
81 164
80 164
79 164
78 164
78 163
77 162
76 161
75 160
84 164
85 164
86 163
87 163
88 163
89 162
90 162
91 162
92 162
92 161
91 161
92 160
93 160
92 159
92 158
93 157
92 157
93 156
94 156
94 155
94 154
93 154
94 153
93 153
94 152
93 152
92 152
91 152
91 151
90 151
90 150
89 150
88 150
87 150
86 150
85 151
84 151
83 151
83 152
83 153
83 154
84 155
85 155
86 156
87 157
86 158
85 159
84 159
83 159
82 159
81 159
80 159
80 158
79 158
79 157
78 157
78 156
78 155
78 154
78 153
78 152
77 152
78 151
77 151
78 150
77 150
78 149
77 149
78 148
77 148
78 147
77 147
77 146
76 146
77 145
76 145
75 145
75 144
74 144
73 144
72 144
71 144
70 144
69 145
68 145
67 146
66 146
66 147
66 148
65 149
64 150
63 150
63 149
62 149
62 148
61 148
60 148
61 147
60 147
59 147
60 146
59 146
58 146
59 145
58 145
58 144
57 144
57 143
56 143
56 142
55 142
55 141
54 141
55 140
54 140
53 140
54 139
53 139
52 139
51 139
50 139
49 139
48 139
47 139
46 139
45 140
44 140
44 141
44 142
43 143
43 144
42 145
42 146
42 147
42 148
42 149
42 150
42 151
43 152
42 153
41 153
40 153
39 153
38 154
37 154
36 154
35 154
34 154
33 154
32 155
31 155
30 155
29 155
28 155
27 155
26 155
25 155
24 155
25 154
26 154
27 154
26 153
25 153
24 153
23 153
26 152
27 152
28 152
29 151
28 151
27 151
28 150
29 150
30 149
29 149
30 148
29 148
30 147
31 148
31 147
31 146
32 145
31 145
32 144
31 144
32 143
33 143
33 142
32 142
33 141
34 141
35 140
34 140
35 139
36 139
37 139
38 138
37 138
36 138
37 137
38 137
39 137
39 136
38 136
39 135
40 135
41 135
42 136
43 137
43 138
44 139
44 138
43 136
43 135
42 135
38 134
37 134
36 134
35 135
34 136
33 136
32 136
33 137
34 137
35 136
36 135
32 135
31 135
32 134
31 134
31 133
30 133
30 132
29 132
30 131
29 131
29 130
28 130
28 129
27 129
27 128
26 128
26 127
25 127
24 127
23 127
23 126
22 126
21 126
20 126
19 126
19 125
18 125
19 124
18 124
19 123
18 123
20 123
21 122
20 122
21 121
22 122
22 121
22 120
23 119
22 119
23 118
22 118
24 118
25 119
25 120
25 121
26 119
27 120
27 121
28 119
27 119
29 119
30 120
31 121
30 122
29 123
29 124
29 125
30 126
30 127
31 127
32 128
33 129
34 130
35 131
35 132
36 133
37 133
36 132
36 131
35 130
34 129
34 128
33 128
32 127
31 126
30 125
30 124
30 123
31 122
31 120
31 119
30 119
29 118
25 118
33 155
34 155
39 154
43 153
44 152
45 153
46 152
45 152
46 151
45 151
46 150
45 150
45 149
45 148
44 148
45 147
46 146
45 146
46 145
45 145
46 144
47 144
48 143
47 143
48 142
47 142
48 141
48 140
47 140
47 151
47 152
48 152
49 152
50 152
51 152
52 152
53 152
54 153
55 153
56 153
57 154
58 154
59 155
60 155
61 156
62 157
63 157
64 158
65 159
66 159
67 160
68 161
67 162
66 163
65 164
64 165
63 165
62 165
61 165
60 165
59 165
58 165
59 164
58 164
57 164
56 164
57 163
56 163
57 162
56 162
57 161
56 161
57 160
58 161
58 160
58 159
57 159
56 159
56 158
55 158
54 159
53 159
52 160
52 161
51 162
50 162
49 163
48 163
48 162
47 162
46 162
45 162
44 162
43 162
42 162
41 162
40 162
39 162
38 162
37 162
36 162
35 162
34 162
33 163
32 163
31 163
30 163
29 163
28 164
27 164
26 164
25 164
24 164
23 164
23 163
23 162
24 161
23 161
24 160
23 160
25 160
26 160
27 160
28 160
29 160
30 160
31 160
32 160
33 160
25 165
26 165
28 165
29 164
30 164
31 164
34 163
35 163
36 163
37 164
50 163
51 163
52 163
52 162
53 161
53 160
60 164
62 166
63 166
64 166
65 165
66 165
67 164
66 164
67 163
68 163
68 162
68 160
67 159
66 158
65 158
64 157
63 156
62 156
61 155
59 154
57 153
48 151
43 151
43 150
43 146
43 145
44 143
45 142
45 141
47 138
48 138
49 138
50 138
51 138
52 138
47 137
48 136
47 136
48 135
47 135
48 134
47 134
47 133
47 132
46 131
46 130
46 129
46 128
45 128
45 127
45 126
44 126
45 125
44 125
43 125
44 124
43 124
42 124
42 123
41 123
40 123
39 122
38 122
37 122
36 122
37 121
36 121
35 121
36 120
35 120
36 119
35 119
36 118
35 118
36 117
37 118
38 117
37 117
38 116
39 117
39 118
40 117
41 117
40 116
39 116
39 115
40 114
39 114
40 113
39 113
40 112
41 112
42 112
43 113
44 114
44 115
43 116
43 117
44 116
45 117
46 116
47 115
46 115
45 115
45 114
44 113
43 112
43 111
48 115
49 116
49 117
49 118
48 119
47 120
47 121
47 122
47 123
47 124
48 124
49 125
49 126
50 127
50 128
51 129
51 130
52 131
53 132
54 133
54 134
53 135
52 135
51 135
50 135
49 135
49 136
50 136
51 136
52 136
53 136
54 137
54 136
55 135
54 135
54 132
53 131
52 130
52 129
51 128
50 126
49 124
48 123
48 120
49 119
50 118
50 117
50 116
50 115
49 115
65 150
66 150
66 149
67 148
68 147
67 147
68 146
69 146
70 145
71 145
72 145
65 145
64 145
63 145
62 145
63 146
64 146
63 144
62 144
61 144
62 143
61 143
61 142
61 141
62 140
61 140
62 139
61 139
63 139
64 139
65 138
64 138
63 138
66 138
67 138
68 138
69 138
70 137
69 137
70 136
71 136
71 135
70 135
71 134
70 134
70 133
70 132
69 132
69 131
68 131
67 131
67 130
66 130
65 130
64 130
65 129
64 129
63 129
64 128
63 128
64 127
63 127
64 126
63 126
64 125
65 126
66 125
65 125
67 125
68 124
67 124
68 123
69 123
70 124
71 124
72 125
73 126
74 127
74 128
74 129
74 130
74 131
75 132
75 133
75 134
75 135
74 136
74 137
74 138
74 139
73 140
72 141
71 141
70 141
69 142
68 142
67 142
66 143
65 144
66 144
67 143
68 143
70 142
71 142
72 142
73 141
74 140
75 131
75 128
75 127
75 126
74 126
73 125
72 124
71 123
70 123
82 160
86 159
87 158
87 156
86 155
84 154
86 151
87 151
88 149
89 149
90 149
60 167
59 167
58 167
56 166
40 166
39 166
17 168
16 168
16 167
15 165
15 164
15 163
15 162
15 161
16 160
15 160
16 159
17 159
18 159
19 158
18 158
17 158
20 158
21 157
20 157
22 158
23 158
24 157
23 157
22 157
25 157
26 157
27 158
28 158
29 158
30 158
31 158
32 158
33 158
16 32
17 33
17 34
18 35
18 36
17 37
17 38
17 39
18 40
19 40
20 40
21 40
22 40
23 40
24 40
25 41
26 41
27 42
28 43
29 44
30 45
31 46
32 47
33 48
33 49
34 50
34 51
34 52
35 53
35 54
36 55
35 56
35 57
34 58
33 59
33 60
32 61
32 62
31 63
31 64
30 65
29 66
28 67
27 68
26 69
25 69
24 69
23 69
22 69
21 70
21 71
22 71
23 71
24 72
25 72
26 72
27 73
28 73
29 73
30 73
31 73
32 73
33 73
34 73
35 72
34 72
33 72
32 72
31 72
30 72
29 72
28 72
27 72
36 72
37 72
38 72
39 71
38 71
40 71
41 71
42 71
43 71
44 72
45 72
45 71
44 71
45 70
44 70
43 70
42 70
44 69
45 69
45 68
44 68
45 67
44 67
45 66
46 66
45 65
45 64
45 63
46 62
45 62
46 61
45 61
46 60
47 60
48 61
48 62
48 63
48 64
48 65
48 66
48 67
48 68
47 69
48 70
49 70
50 71
51 71
52 72
53 72
54 73
55 74
56 75
57 76
57 77
57 78
57 79
56 80
55 81
54 82
53 83
52 83
51 83
50 84
49 84
48 84
49 83
48 83
47 83
48 82
47 82
47 81
47 80
46 80
47 79
46 79
45 79
44 79
43 80
43 81
42 82
41 82
40 82
41 83
40 84
39 84
38 85
37 85
36 86
36 87
35 88
35 89
36 90
37 90
38 90
39 90
40 89
39 89
38 89
37 89
36 89
36 88
40 88
41 88
42 88
43 88
44 88
45 88
46 88
47 88
48 87
47 87
46 87
49 87
50 87
51 87
52 87
53 87
54 86
53 86
52 86
55 86
56 86
57 85
56 85
55 85
57 84
58 84
59 83
58 83
59 82
60 82
60 81
59 81
60 80
60 79
61 78
60 78
61 77
60 77
61 76
62 77
63 76
62 76
63 75
64 75
65 74
64 74
65 73
66 72
65 72
66 71
65 71
66 70
67 69
66 69
67 68
66 68
68 69
69 70
70 71
70 72
71 73
72 72
71 72
72 71
71 71
70 70
69 69
73 72
73 73
74 71
73 71
74 70
73 70
74 69
75 69
76 68
75 68
76 67
75 67
76 66
77 66
78 65
77 65
78 64
77 64
78 63
79 63
80 62
79 62
80 61
81 61
82 61
83 60
82 60
81 60
82 59
83 59
84 60
84 58
83 58
83 57
84 56
83 56
84 55
85 55
86 54
85 54
86 53
85 53
86 52
85 52
86 51
85 51
84 51
83 51
82 51
83 50
82 50
81 50
82 49
81 49
80 49
79 49
78 49
77 50
76 51
75 51
74 51
74 52
74 53
74 54
74 55
74 56
75 57
75 58
75 59
75 60
75 61
74 62
74 63
73 64
72 65
71 65
70 65
71 66
71 64
70 64
70 63
70 62
70 61
69 61
69 60
69 59
68 59
68 58
67 58
67 57
66 57
65 57
64 57
63 57
62 57
61 57
60 57
59 58
59 59
58 60
58 61
58 62
58 63
57 64
56 64
56 65
57 65
58 65
59 64
58 64
59 63
59 62
59 61
59 60
60 59
61 58
60 58
56 63
55 63
56 62
55 62
55 61
55 60
54 60
54 59
53 59
54 58
53 58
53 57
52 57
53 56
52 56
51 56
50 56
50 57
49 58
49 59
49 60
49 61
49 62
49 63
49 64
49 65
50 60
50 59
50 58
48 57
47 57
46 58
46 59
47 59
47 58
48 56
47 56
48 55
47 55
48 54
49 54
49 53
48 53
49 52
48 52
47 52
46 52
45 52
44 52
43 52
42 52
41 53
40 53
39 53
38 54
37 55
36 56
36 57
35 58
34 59
34 60
33 61
33 62
32 63
32 64
31 65
30 66
29 67
28 68
27 69
28 69
29 68
30 67
31 66
37 56
38 55
39 54
40 54
42 53
53 55
54 54
55 55
55 56
56 57
57 57
58 56
57 56
56 56
56 55
55 54
54 53
54 52
55 51
54 51
55 50
54 50
55 49
56 49
57 49
58 48
57 48
56 48
59 48
60 48
61 48
62 48
63 48
63 47
62 47
63 46
63 45
63 44
63 43
62 43
63 42
62 42
61 42
61 41
60 41
59 41
58 41
58 40
57 40
57 39
57 38
56 38
57 37
56 37
57 36
56 36
57 35
58 36
59 36
60 37
61 36
60 36
61 35
60 35
59 35
58 35
61 34
62 34
63 33
62 33
63 32
62 32
64 33
65 34
65 35
65 36
66 36
67 37
68 38
68 39
67 40
66 41
66 42
66 43
66 44
67 45
68 46
68 47
67 48
67 49
67 50
66 51
66 52
65 53
64 53
63 53
62 53
61 53
60 54
59 54
58 55
59 55
60 55
61 54
62 54
65 54
66 55
65 56
64 56
63 56
62 56
66 56
67 55
66 53
67 52
67 51
68 48
68 45
68 44
67 44
67 43
67 42
68 41
67 41
68 40
69 40
69 39
69 38
69 37
68 37
69 36
68 36
67 36
67 35
66 35
66 34
66 33
65 33
65 32
64 32
73 65
74 64
75 62
76 59
76 58
75 56
75 55
75 52
76 52
77 51
78 51
78 50
79 48
81 48
84 50
85 50
59 76
58 77
58 78
58 79
57 80
56 81
55 82
54 83
53 84
52 84
51 84
55 83
56 83
56 82
57 81
37 86
38 86
39 85
37 84
36 84
35 84
34 84
33 84
32 84
31 85
30 86
29 86
29 87
28 88
28 89
28 90
28 91
28 92
28 93
28 94
28 95
29 96
28 97
27 98
27 99
27 100
27 101
26 102
26 103
26 104
26 105
25 106
25 107
24 108
24 109
23 110
22 110
22 109
21 109
21 108
21 107
21 106
20 105
20 104
20 103
19 102
19 101
19 100
19 99
18 99
18 98
18 97
18 96
18 95
18 94
18 93
18 92
18 91
19 90
20 89
19 89
20 88
19 88
20 87
21 87
22 86
21 86
22 85
23 85
24 84
23 84
24 83
25 83
26 83
27 82
26 82
28 82
29 81
28 81
30 81
31 81
32 80
31 80
33 80
34 80
35 80
36 80
37 81
38 81
39 81
40 81
38 80
37 80
24 110
25 109
25 108
26 107
26 106
27 104
27 103
27 102
28 99
29 99
30 99
30 98
29 98
28 98
30 97
29 95
29 88
30 87
31 86
32 85
34 83
36 83
37 83
38 83
42 83
43 83
43 82
44 81
44 80
45 78
44 78
46 78
47 78
57 75
56 74
55 73
54 72
52 71
50 70
49 69
48 69
24 71
22 70
36 53
37 52
36 52
35 52
35 51
37 51
38 51
39 51
40 51
39 50
38 50
39 49
38 49
39 48
38 48
39 47
38 47
38 46
37 46
37 45
37 44
36 44
36 43
35 43
36 42
35 42
34 42
35 41
34 41
33 41
33 40
32 40
32 39
31 39
31 38
30 38
29 38
30 37
29 37
28 37
28 36
27 36
27 35
26 35
26 34
26 33
25 33
25 32
25 31
24 31
23 31
22 31
21 31
20 31
20 32
21 30
20 30
19 30
18 30
17 30
17 31
17 32
18 31
22 30
23 30
24 30
22 29
22 32
34 49
33 47
32 46
31 45
31 44
30 44
30 43
29 43
29 42
28 42
27 41
18 39
18 37
19 37
19 35
20 35
18 34
16 58
16 59
16 60
16 61
16 62
16 63
16 64
17 65
17 66
16 67
16 68
16 69
17 69
18 69
19 68
18 68
17 68
18 67
17 67
20 68
21 67
20 67
22 67
23 67
24 67
25 67
26 66
25 66
24 66
26 65
27 65
28 64
27 64
28 63
28 62
29 61
28 61
29 60
28 60
29 59
28 59
27 59
27 58
26 58
25 58
24 58
23 58
22 58
21 59
20 59
19 59
18 59
18 60
18 61
17 62
17 63
17 64
18 62
19 62
20 62
21 61
20 61
21 60
20 60
22 60
19 58
18 58
17 58
17 57
18 56
17 56
18 55
17 55
18 54
19 53
18 53
19 52
18 52
19 51
20 52
21 53
20 54
20 55
20 56
21 57
22 57
21 56
21 55
21 54
21 52
22 51
21 51
20 51
23 52
23 53
24 54
24 55
25 56
26 57
27 57
27 56
28 55
29 56
29 57
29 58
30 56
30 55
29 55
30 54
29 54
28 54
29 53
28 53
27 52
26 52
26 53
25 54
25 55
26 55
26 54
24 53
27 51
26 51
27 50
26 50
27 49
26 49
27 48
26 48
27 47
26 47
25 47
24 47
23 48
23 49
23 50
23 51
24 50
24 49
24 48
25 46
24 46
24 45
26 46
26 45
24 59
16 141
16 142
16 143
16 144
16 145
16 146
17 147
17 148
17 149
17 150
18 151
17 152
18 153
18 154
19 154
20 154
21 153
20 153
19 153
18 152
21 152
22 151
21 151
23 151
24 151
25 150
24 150
23 150
24 149
25 149
26 149
27 148
26 148
27 147
26 147
27 146
28 146
28 145
29 144
28 144
29 143
28 143
29 142
28 142
27 142
26 142
25 142
24 142
23 142
22 142
21 143
20 143
19 144
18 144
18 145
18 146
19 146
20 145
19 145
20 144
21 144
18 143
19 142
22 141
21 141
21 140
20 140
21 139
20 139
21 138
20 138
22 139
23 138
22 138
23 137
22 137
23 136
22 136
22 135
21 135
20 135
19 135
18 136
18 137
17 138
17 139
17 140
17 141
18 139
18 138
19 136
20 136
21 134
22 134
23 133
22 133
23 132
22 132
23 131
24 132
25 133
25 134
25 135
25 136
24 137
24 138
24 139
25 138
25 137
26 135
27 136
27 137
27 138
27 139
26 140
25 141
26 141
27 141
28 141
29 141
29 140
28 140
27 140
29 139
29 138
28 138
29 137
28 137
26 134
25 132
25 131
24 131
24 130
18 150
18 149
35 31
35 32
36 33
35 34
36 35
37 35
38 36
39 36
40 37
41 38
41 39
42 40
42 41
43 42
43 43
43 44
43 45
43 46
43 47
43 48
43 49
43 50
44 50
45 50
46 50
47 50
48 50
48 49
47 49
46 49
45 49
44 49
44 48
47 48
48 48
48 47
47 47
48 46
48 45
47 45
47 44
47 43
47 42
47 41
47 40
48 39
47 39
48 38
47 38
47 37
46 37
47 36
46 36
47 35
46 35
47 34
47 33
47 32
47 31
46 31
45 31
44 31
43 31
43 30
42 30
42 29
41 29
40 29
39 29
38 30
37 31
36 31
36 32
37 32
38 31
39 31
40 30
39 30
41 28
42 28
42 39
41 37
40 36
38 35
37 34
36 34
63 37
71 98
71 99
71 100
71 101
71 102
72 103
73 104
74 105
75 106
75 107
76 108
77 109
78 110
79 111
79 112
80 113
81 114
82 115
83 116
83 117
84 118
85 119
86 120
87 121
87 122
88 123
89 124
90 125
91 126
91 127
92 128
93 129
94 130
95 131
95 132
96 133
97 134
98 135
98 136
99 137
100 138
101 139
102 140
102 141
103 142
104 143
105 144
106 145
106 146
107 147
108 148
109 149
110 150
110 151
111 152
112 153
113 154
114 155
114 156
115 157
116 158
117 159
118 160
118 161
119 162
120 163
121 162
120 162
119 161
122 162
123 162
124 161
123 161
125 161
126 161
127 160
126 160
125 160
128 160
129 159
128 159
130 159
131 159
132 158
131 158
130 158
131 157
132 157
132 156
131 156
131 155
130 155
130 154
129 154
129 153
128 153
128 152
128 151
127 151
127 150
126 150
126 149
125 149
125 148
124 148
124 147
124 146
123 146
123 145
122 145
122 144
121 144
121 143
120 143
120 142
120 141
119 141
119 140
118 140
118 139
117 139
117 138
116 138
116 137
116 136
115 136
115 135
114 135
114 134
113 134
113 133
112 133
112 132
112 131
111 131
111 130
110 130
110 129
109 129
109 128
108 128
108 127
108 126
107 126
107 125
106 125
106 124
105 124
105 123
105 122
104 122
104 121
103 121
103 120
102 120
102 119
101 119
101 118
101 117
100 117
100 116
99 116
99 115
98 115
98 114
97 114
97 113
97 112
96 112
96 111
95 111
95 110
94 110
94 109
93 109
93 108
93 107
92 107
92 106
91 106
91 105
90 105
90 104
89 104
89 103
89 102
88 102
88 101
87 101
88 100
87 100
88 99
87 99
88 98
89 98
89 97
90 96
89 96
90 95
91 95
92 94
91 94
92 93
93 93
93 92
94 91
93 91
94 90
95 90
96 89
95 89
96 88
97 87
96 87
97 86
98 86
99 85
98 85
99 84
100 84
100 83
101 82
100 82
101 81
102 81
103 80
102 80
103 79
104 79
104 78
105 77
104 77
105 76
106 76
107 75
106 75
107 74
108 74
108 73
109 72
108 72
109 71
110 71
111 70
110 70
111 69
112 69
112 68
113 67
112 67
113 66
114 66
115 65
114 65
115 64
116 63
115 63
116 62
117 62
118 61
117 61
118 60
119 60
119 59
120 58
119 58
120 57
121 57
122 56
121 56
122 55
123 55
123 54
124 53
123 53
124 52
125 52
126 51
125 51
126 50
127 50
127 49
128 48
127 48
128 47
129 47
130 46
129 46
130 45
131 45
132 44
131 44
132 43
131 43
132 42
131 42
130 42
131 41
130 41
129 41
129 40
128 40
127 40
126 40
127 39
126 39
125 39
124 38
123 38
122 38
121 38
120 38
119 38
118 39
117 40
117 41
116 42
115 43
114 44
113 45
113 46
112 47
111 48
110 49
109 50
109 51
108 52
107 53
106 54
105 55
105 56
104 57
103 58
102 59
101 60
101 61
100 62
99 63
98 64
98 65
97 66
96 67
95 68
94 69
94 70
93 71
92 72
91 73
90 74
90 75
89 76
88 77
87 78
86 79
86 80
85 81
84 82
83 83
82 84
82 85
81 86
80 87
79 88
78 89
78 90
77 91
76 92
75 93
75 94
74 95
73 96
72 97
72 98
73 97
74 96
75 95
76 93
77 92
78 91
79 89
80 88
81 87
82 86
83 84
84 83
85 82
86 81
87 79
88 78
89 77
90 76
91 74
92 73
93 72
94 71
95 69
96 68
97 67
98 66
99 64
100 63
101 62
102 60
103 59
104 58
105 57
106 55
107 54
108 53
109 52
110 50
111 49
112 48
113 47
114 45
115 44
116 43
117 42
118 40
119 39
120 37
121 37
122 37
118 159
117 158
116 157
115 156
114 154
113 153
112 152
111 151
110 149
109 148
108 147
107 146
106 144
105 143
104 142
103 141
102 139
101 138
100 137
99 136
98 134
97 133
96 132
95 130
94 129
93 128
92 127
91 125
90 124
89 123
88 122
87 120
86 119
85 118
84 117
83 115
82 114
81 113
80 112
79 110
78 109
77 108
76 107
75 105
74 104
73 103
72 102
73 67
75 142
99 99
99 100
99 101
100 102
101 103
101 104
102 105
103 106
104 107
105 108
105 109
106 110
107 111
108 112
109 113
109 114
110 115
111 116
112 117
113 118
113 119
114 120
115 121
116 122
117 123
117 124
118 125
119 126
120 127
120 128
121 129
122 130
123 131
124 132
124 133
125 134
126 135
127 136
128 137
128 138
129 139
130 140
131 141
132 142
132 143
133 144
134 145
135 146
136 147
136 148
137 149
138 150
139 151
140 152
140 153
141 153
142 153
143 152
142 152
141 152
140 151
139 150
138 149
137 148
143 151
144 152
145 151
144 151
145 150
146 150
147 150
148 149
147 149
146 149
148 148
149 149
150 148
149 148
150 147
149 147
151 147
152 147
153 146
152 146
151 146
152 145
153 145
154 145
155 144
154 144
155 143
156 144
157 143
156 143
157 142
156 142
158 142
159 141
158 141
159 140
160 140
161 140
162 139
161 139
160 139
161 138
162 138
163 138
164 137
163 137
162 137
163 136
164 136
165 136
166 135
165 135
164 135
165 134
166 134
167 134
168 133
167 133
166 133
167 132
168 132
169 132
170 131
169 131
168 131
169 130
170 130
171 130
171 129
170 129
171 128
172 128
173 127
172 127
173 126
174 126
175 125
174 125
173 125
174 124
175 124
176 123
175 123
176 122
177 122
178 121
177 121
178 120
177 120
178 119
179 119
180 118
179 118
180 117
179 117
180 116
181 116
182 115
181 115
182 114
181 114
182 113
183 113
184 112
183 112
184 111
183 111
184 110
185 110
185 109
184 109
185 108
186 108
186 107
185 107
186 106
187 106
187 105
188 104
187 104
188 103
189 102
188 102
189 101
189 100
189 99
189 98
188 98
189 97
188 97
188 96
187 96
188 95
187 95
187 94
186 94
187 93
186 93
186 92
185 92
186 91
185 91
185 90
184 90
184 89
183 89
184 88
183 88
183 87
182 87
183 86
182 86
182 85
181 85
181 84
180 84
181 83
180 83
180 82
179 82
179 81
178 81
179 80
178 80
178 79
177 79
177 78
176 78
177 77
176 77
175 77
176 76
175 76
175 75
174 75
174 74
173 74
173 73
172 73
173 72
172 72
171 72
172 71
171 71
170 71
171 70
170 70
170 69
169 69
169 68
168 68
168 67
167 67
167 66
166 66
166 65
165 65
165 64
164 64
164 63
163 63
163 62
162 62
162 61
161 61
161 60
160 60
159 60
160 59
159 59
158 59
159 58
158 58
157 58
158 57
157 57
156 57
156 56
155 56
154 56
155 55
154 55
153 55
154 54
153 54
152 54
152 53
151 53
150 53
151 52
150 52
149 52
149 51
148 51
147 51
148 50
147 50
146 50
146 49
145 49
144 49
145 48
144 48
143 48
142 48
141 48
140 48
139 48
139 49
138 50
137 51
136 52
135 53
135 54
134 55
133 56
132 57
131 58
131 59
130 60
129 61
128 62
127 63
127 64
126 65
125 66
124 67
124 68
123 69
122 70
121 71
120 72
120 73
119 74
118 75
117 76
116 77
116 78
115 79
114 80
113 81
112 82
112 83
111 84
110 85
109 86
108 87
108 88
107 89
106 90
105 91
104 92
104 93
103 94
102 95
101 96
100 97
100 98
100 99
100 100
100 101
101 102
101 98
101 97
102 96
103 95
104 94
105 93
105 92
106 91
107 90
108 89
109 87
110 86
111 85
112 84
113 82
114 81
115 80
116 79
117 77
118 76
119 75
120 74
121 72
122 71
123 70
124 69
125 67
126 66
127 65
128 63
129 62
130 61
131 60
132 58
133 57
134 56
135 55
136 53
137 52
138 51
139 50
140 49
140 47
141 47
142 47
143 47
136 146
135 145
134 144
133 143
132 141
131 140
130 139
129 138
128 136
127 135
126 134
125 133
124 131
123 130
122 129
121 128
121 127
120 126
119 125
118 124
117 122
116 121
115 120
114 119
113 117
112 116
111 115
110 114
109 112
108 111
107 110
106 109
105 107
104 106
103 105
102 104
110 99
110 100
110 101
110 102
111 103
111 104
111 105
111 106
112 107
111 108
111 109
111 110
112 110
113 110
114 109
113 109
112 109
112 108
114 108
115 108
116 109
116 110
116 111
117 111
118 111
119 112
120 112
121 112
122 112
123 111
124 111
125 111
126 111
127 111
128 111
129 110
128 110
130 110
131 110
132 110
133 110
134 110
135 110
136 110
137 110
138 110
139 111
140 111
140 110
139 110
140 109
139 109
140 108
141 107
140 107
141 106
140 106
140 105
139 105
140 104
139 104
138 104
139 103
138 103
137 103
136 103
137 102
136 102
135 102
136 101
135 101
134 101
134 100
135 99
134 99
135 98
134 98
135 97
134 97
135 96
136 96
137 97
137 98
137 99
138 100
139 101
140 101
141 102
142 103
142 104
143 105
144 106
143 107
142 108
142 109
143 109
144 109
145 109
146 110
147 110
148 110
149 110
150 110
151 110
152 110
153 111
154 111
155 112
156 113
156 114
157 115
157 116
157 117
157 118
157 119
156 120
156 121
155 122
154 123
153 123
152 124
151 125
150 125
149 125
148 125
149 124
148 124
148 123
148 122
149 121
148 121
149 120
148 120
149 119
148 119
147 119
146 119
145 119
145 120
144 121
144 122
143 123
142 124
141 124
141 125
141 126
140 127
139 127
138 127
137 128
136 128
135 128
134 128
133 128
132 128
131 129
130 129
129 129
128 129
129 130
130 130
131 130
132 130
133 131
134 131
135 131
136 131
137 131
138 132
138 133
138 134
138 135
139 134
140 135
141 135
142 134
141 134
140 134
141 133
140 133
139 133
139 132
139 131
138 131
139 130
138 130
137 130
136 130
135 130
134 130
133 130
142 133
143 133
144 133
145 132
144 132
146 132
147 132
148 131
147 131
148 130
149 130
150 129
149 129
150 128
151 128
152 128
153 128
154 127
153 127
152 127
151 127
150 126
154 126
155 127
156 126
155 126
156 125
157 126
158 125
157 125
158 124
157 124
158 123
159 124
159 123
160 122
159 122
160 121
161 120
160 120
161 119
160 119
161 118
160 118
161 117
160 117
161 116
160 116
160 115
160 114
159 114
158 114
157 114
158 115
158 116
158 117
158 118
158 119
157 120
157 121
156 122
155 123
154 124
153 124
152 125
158 120
157 113
156 112
155 111
154 110
153 110
159 113
160 113
161 112
160 112
159 112
160 111
159 111
158 111
161 111
162 112
162 113
163 114
164 115
165 116
166 117
166 118
167 117
168 117
169 117
170 116
169 116
168 116
170 115
171 115
172 114
171 114
172 113
173 113
174 113
175 112
174 112
173 112
174 111
175 111
176 111
176 110
175 110
176 109
177 109
178 108
177 108
178 107
177 107
178 106
177 106
177 105
176 105
176 104
177 103
176 103
177 102
176 102
178 102
179 101
178 101
179 100
180 101
180 100
180 99
180 98
180 97
179 97
178 97
177 97
176 97
175 97
174 98
174 99
175 99
176 99
177 98
176 98
175 98
175 96
174 96
175 95
174 95
173 95
172 95
171 95
171 96
170 97
169 98
168 99
167 99
167 100
167 101
167 102
167 103
168 104
169 104
170 104
171 105
172 106
172 107
172 108
171 109
170 109
169 110
168 110
167 110
167 109
166 109
166 108
166 107
165 107
165 106
164 106
164 105
164 104
163 104
163 103
163 102
162 102
162 101
161 101
162 100
161 100
160 100
161 99
160 99
159 99
158 99
157 99
156 99
155 99
154 99
153 99
152 100
152 101
151 102
150 103
149 103
149 104
150 105
151 105
152 105
152 104
152 103
151 103
150 104
152 102
149 102
148 102
149 101
148 101
148 100
147 100
147 99
147 98
147 97
146 97
146 96
145 96
146 95
145 95
145 94
144 94
144 93
143 93
142 93
141 93
140 93
139 93
138 93
137 94
136 94
135 95
134 95
134 94
134 93
133 93
134 92
133 92
132 92
131 92
130 92
129 93
128 93
127 94
126 95
125 96
125 97
125 98
124 99
124 100
124 101
123 102
123 103
122 104
122 105
121 106
120 107
119 108
118 109
117 109
117 110
119 109
120 108
121 108
122 107
121 107
122 106
123 105
123 104
124 103
124 102
125 100
125 99
126 98
126 97
127 96
126 96
127 95
128 94
129 94
130 93
131 93
124 95
123 95
122 96
121 96
120 96
119 97
118 97
117 96
116 96
116 95
115 95
116 94
115 93
114 93
113 93
113 94
113 95
112 96
111 97
111 98
111 99
111 100
111 101
111 102
112 97
113 97
114 98
113 99
113 100
114 101
113 102
113 103
114 103
115 102
114 102
115 101
115 100
114 99
113 96
114 94
114 92
115 92
116 92
117 91
116 91
115 91
117 90
118 91
118 92
118 93
118 94
119 94
120 93
119 93
120 92
121 91
120 91
121 90
120 90
121 89
120 89
120 88
120 87
119 87
118 87
118 88
117 89
118 90
118 89
119 86
118 86
120 85
121 85
122 86
123 86
124 87
125 87
126 88
127 89
128 90
128 91
129 90
130 90
131 89
130 89
131 88
132 89
133 90
132 91
133 91
134 91
132 88
132 87
133 86
132 86
132 85
131 85
132 84
131 84
130 84
131 83
130 83
130 82
131 81
130 81
131 80
132 80
132 79
131 79
132 78
131 78
131 77
131 76
130 76
129 76
128 76
127 77
126 77
125 77
124 77
123 77
122 77
122 78
122 79
122 80
122 81
121 82
120 83
120 84
121 84
122 85
122 83
121 83
122 82
123 82
124 83
125 83
125 82
124 82
125 81
124 81
124 80
123 80
123 76
122 76
124 76
125 76
126 76
126 78
126 79
127 79
128 79
128 78
128 77
128 89
127 88
126 87
124 86
122 88
122 92
122 93
122 94
121 95
123 94
124 94
123 93
121 97
121 98
121 99
121 100
120 101
120 102
119 103
119 104
118 105
117 106
116 106
115 107
116 107
117 107
118 106
119 105
120 104
120 103
121 102
121 101
122 100
122 99
122 98
123 97
122 97
123 96
136 95
137 95
138 96
138 97
138 98
138 99
139 100
140 100
141 101
142 102
143 103
143 104
144 105
144 104
139 99
138 95
138 94
139 92
138 92
138 91
139 90
138 90
139 89
138 89
139 88
138 88
139 87
138 87
138 86
138 85
138 84
138 83
138 82
138 81
138 80
138 79
137 79
137 78
137 77
137 76
136 76
136 75
135 75
136 74
135 74
134 74
134 73
133 73
132 73
132 72
131 72
131 71
131 70
131 69
132 68
131 68
133 68
134 69
135 68
135 67
134 67
135 66
136 66
137 65
136 65
135 65
136 64
137 64
138 65
139 66
140 67
141 68
142 68
143 69
143 70
142 71
141 71
140 72
140 73
140 74
141 75
142 76
142 77
142 78
141 79
141 80
141 81
142 82
142 83
143 84
143 85
144 86
144 87
144 88
144 89
143 90
142 90
141 90
140 90
141 89
140 89
142 89
143 91
142 92
141 92
140 92
144 92
145 91
144 91
145 90
144 90
145 89
143 83
142 81
142 80
142 79
142 75
141 74
141 73
142 72
141 72
143 71
143 68
142 67
141 67
141 66
140 66
140 65
139 65
140 64
139 64
138 64
153 100
154 98
155 98
156 98
157 98
158 98
159 98
160 97
160 96
159 96
158 96
157 96
156 96
155 96
154 96
153 96
152 96
151 97
150 97
150 98
151 98
152 97
150 96
149 96
150 95
149 95
149 94
148 94
149 93
148 93
148 92
148 91
148 90
149 89
148 89
149 88
148 88
149 87
150 88
151 87
150 87
152 87
153 87
154 88
155 89
156 88
155 88
154 87
157 89
157 88
157 87
157 86
157 85
157 84
157 83
157 82
157 81
156 81
157 80
156 80
156 79
155 79
154 79
155 78
154 78
153 78
152 78
153 77
152 77
152 76
153 75
152 75
153 74
152 74
153 73
154 74
155 75
156 75
157 75
157 74
156 74
155 74
156 73
155 73
154 73
156 72
157 73
158 72
157 72
158 71
157 71
159 72
160 73
160 74
161 74
162 74
163 75
164 76
164 77
163 78
162 79
162 80
162 81
162 82
162 83
162 84
162 85
163 86
163 87
162 88
162 89
161 90
161 91
161 92
161 93
160 94
159 95
158 95
157 95
156 95
155 95
154 95
160 95
162 90
163 88
164 86
163 85
163 84
163 80
163 79
164 78
165 77
165 76
165 75
164 75
163 74
161 73
160 72
160 71
159 71
170 110
171 110
172 109
173 108
173 107
173 106
172 105
171 104
169 103
168 103
168 102
168 101
168 100
169 99
170 99
170 98
171 97
172 94
173 94
174 94
179 96
166 116
165 115
164 114
164 113
163 113
163 112
162 111
128 128
127 128
126 128
127 127
126 127
125 127
126 126
125 126
125 125
124 125
124 124
123 124
124 123
123 123
123 122
123 121
123 120
123 119
124 118
123 118
124 117
123 117
124 116
125 116
126 116
127 116
128 116
129 116
130 116
131 117
132 117
133 118
134 118
135 119
136 119
137 119
138 120
139 121
138 122
137 123
136 123
135 123
134 124
133 124
132 124
131 124
130 124
131 125
132 125
133 125
134 125
135 124
130 123
129 123
129 122
128 122
127 122
126 122
126 123
127 124
128 125
129 126
130 127
131 127
132 127
133 127
134 127
135 127
127 121
126 121
128 121
138 123
139 122
140 121
141 120
140 120
139 120
139 119
138 119
135 118
133 117
132 116
131 116
130 115
129 115
128 115
127 115
126 115
125 115
138 128
139 128
140 128
141 127
142 126
142 125
143 124
144 124
144 123
145 121
146 120
150 120
148 109
147 109
146 109
144 108
143 108
144 107
119 111
112 106
!
6305
