0 39
0 43
0 44
0 45
0 46
0 47
0 48
0 49
0 51
0 52
0 53
0 54
0 55
0 56
0 57
0 58
0 59
0 60
0 61
1 36
1 37
1 38
1 39
1 40
1 41
1 42
1 57
1 59
1 60
1 61
1 62
1 63
1 64
1 65
1 66
2 32
2 33
2 34
2 35
2 36
2 37
2 65
2 66
2 67
2 68
2 69
2 70
3 29
3 30
3 31
3 32
3 33
3 42
3 43
3 44
3 45
3 46
3 47
3 48
3 49
3 50
3 51
3 52
3 53
3 70
3 71
3 72
3 73
4 26
4 27
4 28
4 29
4 30
4 36
4 37
4 38
4 39
4 40
4 41
4 42
4 43
4 44
4 45
4 46
4 53
4 54
4 55
4 56
4 57
4 58
4 59
4 73
4 74
4 75
4 76
5 24
5 25
5 26
5 27
5 33
5 34
5 35
5 36
5 37
5 38
5 59
5 60
5 61
5 62
5 63
5 76
5 77
5 78
6 22
6 23
6 24
6 25
6 30
6 31
6 32
6 33
6 34
6 64
6 65
6 66
6 78
6 79
6 80
7 20
7 21
7 22
7 23
7 27
7 28
7 29
7 30
7 67
7 68
7 69
7 80
7 81
7 82
8 18
8 19
8 20
8 21
8 25
8 26
8 27
8 28
8 69
8 70
8 71
8 72
8 82
8 83
8 84
9 17
9 18
9 19
9 23
9 24
9 25
9 26
9 72
9 73
9 74
9 84
9 85
10 16
10 17
10 18
10 21
10 22
10 23
10 24
10 74
10 75
10 76
10 85
10 86
10 87
11 14
11 15
11 16
11 20
11 21
11 22
11 76
11 77
11 78
11 87
11 88
11 89
12 13
12 14
12 15
12 18
12 19
12 20
12 21
12 78
12 79
12 80
12 89
12 90
13 12
13 13
13 14
13 17
13 18
13 19
13 80
13 81
13 82
13 90
13 91
14 11
14 12
14 16
14 17
14 18
14 82
14 83
14 91
14 92
14 93
15 9
15 10
15 11
15 14
15 15
15 16
15 83
15 84
15 85
15 93
15 94
16 8
16 9
16 10
16 13
16 14
16 15
16 85
16 86
16 94
16 95
17 8
17 9
17 12
17 13
17 14
17 86
17 87
17 95
17 96
18 7
18 8
18 11
18 12
18 13
18 44
18 45
18 46
18 47
18 48
18 49
18 50
18 51
18 52
18 53
18 54
18 55
18 87
18 88
18 89
18 96
18 97
19 6
19 7
19 10
19 11
19 12
19 40
19 41
19 42
19 43
19 44
19 45
19 46
19 47
19 48
19 51
19 52
19 53
19 54
19 55
19 56
19 57
19 58
19 59
19 88
19 89
19 90
19 97
19 98
20 5
20 6
20 9
20 10
20 11
20 37
20 38
20 39
20 40
20 41
20 58
20 59
20 60
20 61
20 62
20 63
20 90
20 91
20 98
20 99
21 4
21 5
21 6
21 8
21 9
21 10
21 34
21 35
21 36
21 37
21 38
21 45
21 46
21 47
21 48
21 49
21 50
21 51
21 52
21 53
21 54
21 62
21 63
21 64
21 65
21 66
21 91
21 92
21 99
21 100
22 4
22 5
22 8
22 9
22 33
22 34
22 35
22 41
22 42
22 43
22 44
22 45
22 46
22 47
22 48
22 49
22 50
22 51
22 52
22 53
22 54
22 55
22 56
22 57
22 58
22 59
22 65
22 66
22 67
22 68
22 69
22 92
22 93
22 100
23 3
23 4
23 7
23 8
23 31
23 32
23 33
23 34
23 38
23 39
23 40
23 41
23 42
23 57
23 58
23 59
23 60
23 61
23 62
23 68
23 69
23 70
23 71
23 93
23 94
23 100
23 101
24 2
24 3
24 6
24 7
24 29
24 30
24 31
24 32
24 36
24 37
24 38
24 39
24 61
24 62
24 63
24 64
24 65
24 70
24 71
24 72
24 73
24 94
24 101
24 102
25 2
25 3
25 5
25 6
25 7
25 28
25 29
25 30
25 34
25 35
25 36
25 37
25 64
25 65
25 66
25 67
25 72
25 73
25 74
25 94
25 95
25 102
25 103
26 1
26 2
26 5
26 6
26 27
26 28
26 29
26 32
26 33
26 34
26 35
26 67
26 68
26 69
26 70
26 73
26 74
26 75
26 76
26 95
26 96
26 103
27 0
27 1
27 2
27 4
27 5
27 26
27 27
27 31
27 32
27 33
27 68
27 69
27 70
27 71
27 75
27 76
27 77
27 96
27 97
27 103
27 104
28 0
28 1
28 4
28 5
28 24
28 25
28 26
28 29
28 30
28 31
28 32
28 70
28 71
28 72
28 73
28 77
28 78
28 79
28 97
28 98
28 104
28 105
29 0
29 1
29 3
29 4
29 23
29 24
29 25
29 28
29 29
29 30
29 72
29 73
29 74
29 75
29 78
29 79
29 80
29 97
29 98
29 104
29 105
30 0
30 1
30 3
30 4
30 22
30 23
30 24
30 27
30 28
30 29
30 74
30 75
30 76
30 79
30 80
30 81
30 98
30 99
30 105
30 106
31 0
31 1
31 3
31 21
31 22
31 23
31 26
31 27
31 28
31 75
31 76
31 77
31 80
31 81
31 82
31 99
31 106
32 0
32 2
32 3
32 20
32 21
32 22
32 25
32 26
32 27
32 76
32 77
32 78
32 81
32 82
32 83
32 99
32 100
32 106
32 107
33 0
33 2
33 3
33 20
33 21
33 24
33 25
33 26
33 77
33 78
33 79
33 82
33 83
33 100
33 101
33 107
34 2
34 19
34 20
34 23
34 24
34 25
34 78
34 79
34 80
34 83
34 84
34 100
34 101
34 107
35 2
35 18
35 19
35 23
35 24
35 79
35 80
35 81
35 83
35 84
35 85
35 101
35 107
35 108
36 0
36 2
36 3
36 17
36 18
36 22
36 23
36 80
36 81
36 84
36 85
36 101
36 102
36 108
37 0
37 1
37 3
37 16
37 17
37 18
37 21
37 22
37 81
37 82
37 85
37 86
37 102
37 108
38 0
38 1
38 3
38 4
38 15
38 16
38 17
38 20
38 21
38 82
38 83
38 85
38 86
38 102
38 103
38 108
38 109
39 0
39 1
39 3
39 4
39 5
39 14
39 15
39 16
39 19
39 20
39 82
39 83
39 86
39 87
39 103
39 108
39 109
39 110
40 0
40 1
40 4
40 5
40 6
40 13
40 14
40 15
40 18
40 19
40 20
40 83
40 84
40 86
40 87
40 103
40 108
40 109
41 1
41 2
41 5
41 6
41 7
41 8
41 12
41 13
41 14
41 17
41 18
41 19
41 83
41 84
41 87
41 103
41 109
42 2
42 3
42 7
42 8
42 9
42 10
42 11
42 12
42 13
42 16
42 17
42 18
42 84
42 87
42 88
42 103
42 104
42 109
42 110
43 3
43 4
43 5
43 9
43 10
43 11
43 12
43 15
43 16
43 17
43 84
43 85
43 87
43 88
43 104
43 109
43 110
44 4
44 5
44 6
44 14
44 15
44 16
44 84
44 85
44 88
44 104
44 109
44 110
45 5
45 6
45 7
45 8
45 9
45 13
45 14
45 15
45 85
45 88
45 104
45 109
45 110
46 8
46 9
46 10
46 11
46 12
46 13
46 85
46 88
46 104
46 110
47 85
47 88
47 89
47 104
47 110
48 85
48 86
48 88
48 89
48 104
48 105
49 85
49 86
49 88
49 89
49 104
49 105
49 110
50 85
50 86
50 88
50 89
50 104
50 105
50 110
51 85
51 86
51 88
51 89
51 104
51 105
51 110
52 85
52 86
52 88
52 89
52 104
52 105
52 110
53 85
53 86
53 88
53 89
53 104
53 109
53 110
54 85
54 86
54 88
54 89
54 104
54 109
54 110
55 85
55 88
55 89
55 104
55 109
56 85
56 88
56 104
56 109
57 85
57 88
57 104
57 108
57 109
57 110
58 84
58 85
58 88
58 103
58 104
58 108
58 109
59 84
59 85
59 87
59 88
59 103
59 108
60 84
60 87
60 88
60 103
60 107
60 108
61 83
61 84
61 87
61 102
61 103
61 107
61 108
62 83
62 84
62 86
62 87
62 102
62 106
62 107
63 82
63 83
63 86
63 87
63 101
63 102
63 106
63 107
64 81
64 82
64 83
64 85
64 86
64 100
64 101
64 105
64 106
65 81
65 82
65 85
65 86
65 100
65 101
65 105
66 80
66 81
66 84
66 85
66 99
66 100
66 104
66 105
67 79
67 80
67 81
67 83
67 84
67 85
67 98
67 99
67 100
67 103
67 104
68 78
68 79
68 80
68 83
68 84
68 98
68 99
68 102
68 103
69 77
69 78
69 79
69 82
69 83
69 97
69 98
69 102
69 103
70 76
70 77
70 78
70 81
70 82
70 96
70 97
70 101
70 102
71 74
71 75
71 76
71 80
71 81
71 95
71 96
71 97
71 100
71 101
72 73
72 74
72 75
72 78
72 79
72 80
72 94
72 95
72 96
72 99
72 100
73 71
73 72
73 73
73 74
73 77
73 78
73 79
73 93
73 94
73 95
73 98
73 99
73 100
74 70
74 71
74 72
74 76
74 77
74 78
74 92
74 93
74 94
74 97
74 98
74 99
75 68
75 69
75 70
75 71
75 74
75 75
75 76
75 77
75 91
75 92
75 93
75 96
75 97
75 98
76 67
76 68
76 69
76 73
76 74
76 75
76 90
76 91
76 92
76 95
76 96
76 97
77 65
77 66
77 67
77 68
77 71
77 72
77 73
77 74
77 89
77 90
77 91
77 94
77 95
77 96
78 63
78 64
78 65
78 66
78 70
78 71
78 72
78 88
78 89
78 90
78 93
78 94
78 95
79 62
79 63
79 64
79 68
79 69
79 70
79 71
79 87
79 88
79 89
79 92
79 93
79 94
80 60
80 61
80 62
80 63
80 66
80 67
80 68
80 69
80 86
80 87
80 88
80 91
80 92
80 93
81 58
81 59
81 60
81 61
81 65
81 66
81 67
81 85
81 86
81 87
81 90
81 91
81 92
82 57
82 58
82 59
82 63
82 64
82 65
82 66
82 84
82 85
82 86
82 89
82 90
82 91
83 55
83 56
83 57
83 61
83 62
83 63
83 64
83 83
83 84
83 85
83 88
83 89
84 53
84 54
84 55
84 56
84 59
84 60
84 61
84 62
84 81
84 82
84 83
84 87
84 88
85 52
85 53
85 54
85 58
85 59
85 60
85 80
85 81
85 82
85 85
85 86
85 87
86 50
86 51
86 52
86 53
86 56
86 57
86 58
86 59
86 79
86 80
86 81
86 84
86 85
86 86
87 48
87 49
87 50
87 51
87 55
87 56
87 57
87 78
87 79
87 80
87 83
87 84
87 85
88 47
88 48
88 49
88 53
88 54
88 55
88 77
88 78
88 79
88 82
88 83
88 84
89 45
89 46
89 47
89 48
89 51
89 52
89 53
89 54
89 75
89 76
89 77
89 81
89 82
89 83
90 44
90 45
90 46
90 50
90 51
90 52
90 74
90 75
90 76
90 79
90 80
90 81
91 43
91 44
91 45
91 48
91 49
91 50
91 51
91 73
91 74
91 75
91 78
91 79
91 80
92 41
92 42
92 43
92 44
92 47
92 48
92 49
92 72
92 73
92 74
92 77
92 78
92 79
93 40
93 41
93 42
93 46
93 47
93 48
93 71
93 72
93 76
93 77
93 78
94 39
94 40
94 41
94 44
94 45
94 46
94 69
94 70
94 71
94 74
94 75
94 76
95 38
95 39
95 40
95 43
95 44
95 45
95 68
95 69
95 70
95 73
95 74
95 75
96 37
96 38
96 39
96 42
96 43
96 44
96 67
96 68
96 69
96 72
96 73
96 74
97 36
97 37
97 38
97 41
97 42
97 43
97 66
97 67
97 68
97 71
97 72
97 73
98 35
98 36
98 37
98 40
98 41
98 64
98 65
98 66
98 70
98 71
99 34
99 35
99 36
99 39
99 40
99 63
99 64
99 65
99 68
99 69
99 70
100 34
100 35
100 38
100 39
100 62
100 63
100 64
100 67
100 68
100 69
101 33
101 34
101 37
101 38
101 39
101 61
101 62
101 63
101 66
101 67
101 68
102 32
102 33
102 36
102 37
102 38
102 60
102 61
102 65
102 66
102 67
103 32
103 33
103 35
103 36
103 37
103 58
103 59
103 60
103 63
103 64
103 65
104 31
104 32
104 35
104 36
104 57
104 58
104 59
104 62
104 63
104 64
105 30
105 31
105 34
105 35
105 56
105 57
105 58
105 61
105 62
105 63
106 30
106 31
106 33
106 34
106 35
106 55
106 56
106 57
106 60
106 61
106 62
107 29
107 30
107 33
107 34
107 54
107 55
107 56
107 59
107 60
107 61
108 29
108 30
108 32
108 33
108 34
108 53
108 54
108 55
108 58
108 59
108 60
109 28
109 29
109 32
109 33
109 53
109 54
109 57
109 58
109 59
110 28
110 29
110 31
110 32
110 33
110 52
110 53
110 56
110 57
110 58
111 28
111 31
111 32
111 51
111 52
111 56
111 57
112 27
112 28
112 31
112 32
112 50
112 51
112 55
112 56
113 27
113 28
113 30
113 31
113 50
113 51
113 54
113 55
114 27
114 30
114 49
114 50
114 54
114 55
115 26
115 27
115 29
115 30
115 48
115 49
115 53
115 54
116 26
116 29
116 30
116 48
116 49
116 53
116 54
117 26
117 29
117 47
117 48
117 53
118 25
118 26
118 28
118 29
118 47
118 48
118 52
118 53
119 25
119 26
119 28
119 29
119 47
119 52
120 25
120 28
120 29
120 46
120 47
120 51
120 52
121 24
121 25
121 28
121 46
121 51
122 24
122 25
122 27
122 28
122 46
122 51
123 24
123 25
123 27
123 28
123 45
123 46
123 50
124 24
124 27
124 28
124 45
124 50
125 24
125 27
125 45
125 50
126 23
126 24
126 27
126 45
126 50
127 23
127 24
127 26
127 27
127 44
127 50
128 23
128 24
128 26
128 27
128 44
128 49
129 23
129 24
129 26
129 27
129 44
129 49
130 23
130 24
130 26
130 27
130 44
130 49
131 23
131 26
131 27
131 44
131 49
132 23
132 26
132 27
132 44
132 49
133 23
133 26
133 44
133 49
134 23
134 26
134 43
134 44
134 49
135 23
135 26
135 43
135 48
135 49
136 23
136 26
136 43
136 48
136 49
137 23
137 26
137 43
137 48
137 49
138 23
138 26
138 43
138 48
138 49
139 23
139 26
139 43
139 48
139 49
140 23
140 26
140 43
140 48
140 49
141 23
141 26
141 43
141 48
141 49
142 23
142 26
142 43
142 48
142 49
143 23
143 26
143 43
143 48
143 49
144 23
144 26
144 43
144 48
144 49
145 23
145 26
145 27
145 43
145 48
145 49
146 23
146 24
146 26
146 27
146 43
146 48
146 49
147 23
147 24
147 26
147 27
147 43
147 48
147 49
148 23
148 24
148 26
148 27
148 43
148 48
148 49
149 23
149 24
149 27
149 43
149 48
149 49
150 24
150 27
150 43
150 48
150 49
151 24
151 27
151 28
151 43
151 48
151 49
152 24
152 25
152 27
152 28
152 43
152 48
152 49
153 24
153 25
153 28
153 43
153 48
153 49
154 25
154 28
154 29
154 43
154 48
154 49
155 25
155 26
155 28
155 29
155 43
155 48
155 49
156 25
156 26
156 29
156 30
156 43
156 48
156 49
157 26
157 27
157 29
157 30
157 31
157 43
157 48
158 26
158 27
158 30
158 31
158 43
158 48
159 27
159 28
159 31
159 32
159 42
159 43
159 47
159 48
160 27
160 28
160 29
160 32
160 33
160 34
160 41
160 42
160 46
160 47
161 28
161 29
161 30
161 33
161 34
161 35
161 40
161 41
161 42
161 45
161 46
161 47
162 29
162 30
162 31
162 34
162 35
162 36
162 37
162 38
162 39
162 40
162 41
162 44
162 45
162 46
163 30
163 31
163 32
163 37
163 38
163 39
163 43
163 44
163 45
164 31
164 32
164 33
164 34
164 42
164 43
164 44
165 33
165 34
165 35
165 36
165 37
165 38
165 39
165 40
165 41
165 42
165 43
166 36
166 37
166 38
166 39
166 40
174 35
174 36
174 37
174 38
174 39
174 40
174 41
174 42
174 43
174 44
174 45
175 32
175 33
175 34
175 35
175 36
175 45
175 46
175 47
175 48
176 31
176 32
176 33
176 47
176 48
176 49
177 29
177 30
177 31
177 36
177 37
177 38
177 39
177 40
177 41
177 42
177 49
177 50
178 28
178 29
178 30
178 33
178 34
178 35
178 36
178 37
178 42
178 43
178 44
178 45
178 50
178 51
179 28
179 29
179 32
179 33
179 34
179 44
179 45
179 46
179 51
179 52
180 27
180 28
180 31
180 32
180 33
180 46
180 47
180 52
181 26
181 27
181 28
181 30
181 31
181 32
181 47
181 48
181 52
181 53
182 26
182 27
182 30
182 31
182 48
182 49
182 53
183 26
183 29
183 30
183 48
183 49
183 53
184 26
184 29
184 30
184 49
184 53
185 25
185 26
185 29
185 49
185 53
185 54
186 25
186 26
186 28
186 29
186 49
186 50
186 53
186 54
187 25
187 26
187 28
187 29
187 49
187 50
187 53
188 25
188 26
188 28
188 29
188 49
188 53
189 25
189 26
189 29
189 49
189 53
190 26
190 29
190 30
190 48
190 49
190 52
190 53
191 26
191 27
191 29
191 30
191 48
191 49
191 52
192 26
192 27
192 30
192 31
192 47
192 48
192 51
192 52
193 27
193 28
193 30
193 31
193 32
193 46
193 47
193 48
193 50
193 51
194 27
194 28
194 31
194 32
194 33
194 45
194 46
194 47
194 50
194 51
195 28
195 29
195 32
195 33
195 34
195 35
195 43
195 44
195 45
195 46
195 49
195 50
196 29
196 30
196 34
196 35
196 36
196 37
196 39
196 40
196 41
196 42
196 43
196 44
196 48
196 49
197 30
197 31
197 32
197 37
197 38
197 39
197 40
197 41
197 46
197 47
197 48
198 31
198 32
198 33
198 34
198 35
198 42
198 43
198 44
198 45
198 46
198 47
199 32
199 34
199 35
199 36
199 37
199 38
199 40
199 41
199 42
199 43
199 44
199 45
199 46
