0 39
1 40
1 38
2 37
0 43
0 44
0 45
0 46
0 47
0 48
0 49
1 42
0 51
0 52
0 53
0 54
0 55
0 56
0 57
0 58
0 59
0 60
0 61
1 63
1 65
2 32
3 31
4 30
2 34
2 67
2 69
3 71
3 73
4 26
5 25
6 24
7 23
4 28
4 75
5 77
6 79
7 20
8 19
9 18
10 17
11 16
12 15
13 14
7 81
8 83
9 85
10 87
11 89
13 12
14 11
15 10
16 9
17 8
18 7
19 6
20 5
21 6
21 4
13 91
14 93
16 95
18 97
20 99
23 3
24 2
25 3
23 101
25 103
27 0
28 1
28 105
30 0
31 1
32 2
33 3
32 107
35 2
36 3
38 0
39 1
38 109
41 1
42 2
43 3
44 4
45 5
47 85
48 86
50 85
51 86
53 85
54 86
56 85
58 84
59 85
61 83
62 84
64 81
65 82
67 79
68 80
70 76
72 73
73 74
75 68
76 69
78 63
79 64
81 58
82 59
84 53
85 54
87 48
88 49
90 44
91 45
93 40
94 41
96 37
97 38
99 34
100 35
102 32
103 33
105 30
106 31
108 29
110 28
