0 34
0 35
0 36
0 37
0 38
0 39
0 40
1 34
1 33
1 32
2 31
1 31
2 30
1 30
2 29
2 28
2 27
2 26
3 25
3 24
3 23
4 22
4 21
5 20
5 19
5 18
6 17
6 16
6 15
7 14
7 13
7 12
8 11
9 10
8 10
9 9
10 8
9 8
10 7
11 7
12 7
13 6
12 6
11 6
14 6
15 6
16 6
17 7
18 8
19 9
19 10
19 11
19 12
19 13
20 14
20 15
20 16
20 17
20 18
21 19
21 20
21 21
21 22
22 23
22 24
22 25
22 26
22 27
23 28
23 29
23 30
23 31
23 32
24 33
24 34
24 35
24 36
25 37
25 38
26 38
27 39
28 39
29 40
30 40
31 40
32 41
33 40
32 40
34 40
35 40
36 40
37 40
38 39
39 39
40 39
41 39
42 38
41 38
40 38
41 37
42 37
43 36
42 36
43 35
43 34
43 33
43 32
43 31
42 30
42 29
42 28
42 27
42 26
42 25
41 25
41 24
41 23
41 22
41 21
41 20
40 19
40 18
40 17
40 16
40 15
39 14
39 13
39 12
39 11
39 10
38 9
38 8
38 7
38 6
37 6
37 5
37 4
37 3
37 2
38 1
37 1
38 0
37 0
39 0
29 39
27 38
21 18
18 7
18 6
17 6
16 5
15 5
14 5
0 48
0 49
0 50
0 51
0 52
1 53
0 54
1 55
2 56
2 57
2 58
3 59
4 60
4 61
5 62
6 63
7 64
8 65
9 66
10 67
11 67
12 68
13 69
14 69
15 70
16 70
17 71
18 71
19 71
20 72
21 72
22 72
23 73
24 73
25 73
26 73
27 73
28 73
29 74
30 74
31 74
32 74
33 74
34 74
35 74
36 74
37 75
38 75
39 75
40 75
41 76
42 76
43 77
44 78
45 78
46 79
47 80
48 81
49 82
50 83
51 84
52 85
52 86
53 87
54 88
54 89
55 90
55 91
56 92
56 93
57 94
57 95
58 96
59 97
59 98
60 99
60 100
61 101
61 102
62 103
63 104
63 105
64 106
64 107
65 108
65 109
66 110
67 111
67 112
68 113
68 114
69 115
69 116
70 117
71 118
71 119
72 120
72 121
73 122
73 123
74 124
75 125
75 126
76 127
76 128
77 129
77 130
78 131
79 132
79 133
80 134
80 135
81 136
81 137
82 138
83 139
83 140
84 141
84 142
85 143
85 144
86 145
87 146
87 147
88 148
88 149
89 150
89 151
90 152
91 153
91 154
92 155
92 156
93 157
93 158
94 159
95 160
95 161
96 162
96 163
97 164
97 165
98 166
98 167
99 168
100 169
100 170
101 171
101 172
102 173
102 174
103 175
103 176
104 177
105 178
105 179
106 180
106 181
107 182
107 183
108 184
108 185
109 186
109 187
110 188
111 189
111 190
112 191
113 192
113 193
114 194
115 195
116 196
117 197
118 198
119 199
120 199
121 199
122 199
123 199
120 198
119 198
119 197
118 197
117 196
116 195
115 194
114 193
113 191
112 190
111 188
110 187
109 185
108 183
107 181
106 179
105 177
104 176
103 174
102 172
101 170
100 168
99 167
98 165
97 163
96 161
95 159
94 158
93 156
92 154
91 152
90 151
89 149
88 147
87 145
86 144
85 142
84 140
83 138
82 137
81 135
80 133
79 131
78 130
77 128
76 126
75 124
74 123
73 121
72 119
71 117
70 116
69 114
68 112
67 110
66 109
65 107
64 105
63 103
62 102
61 100
60 98
59 96
58 95
57 93
56 91
55 89
54 87
53 86
52 84
51 83
50 82
50 81
49 81
49 80
48 80
47 79
46 78
44 77
43 76
17 70
15 69
13 68
12 67
10 66
9 65
8 64
7 63
6 62
5 61
4 59
3 58
3 57
2 55
1 54
1 52
41 0
42 0
43 0
44 1
45 2
46 2
47 3
48 3
49 4
50 5
51 6
52 7
53 7
54 8
55 9
55 10
56 11
57 12
58 13
59 14
59 15
60 16
61 17
61 18
62 19
62 20
63 21
63 22
64 23
64 24
65 25
65 26
65 27
66 28
66 29
66 30
66 31
66 32
67 33
67 34
67 35
67 36
68 37
68 38
68 39
68 40
69 41
69 42
69 43
69 44
69 45
70 46
70 47
70 48
70 49
70 50
71 51
71 52
71 53
71 54
71 55
72 56
72 57
72 58
72 59
72 60
73 61
73 62
73 63
73 64
73 65
74 66
74 67
74 68
75 69
75 70
76 71
77 72
77 73
78 74
79 75
79 76
80 77
80 78
81 79
82 80
82 81
83 82
84 83
84 84
85 85
85 86
86 87
87 88
87 89
88 90
89 91
89 92
90 93
90 94
91 95
92 96
92 97
93 98
94 99
94 100
95 101
95 102
96 103
97 104
97 105
98 106
99 107
99 108
100 109
101 110
101 111
102 112
102 113
103 114
104 115
104 116
105 117
106 118
106 119
107 120
107 121
108 122
109 123
109 124
110 125
111 126
111 127
112 128
112 129
113 130
114 131
114 132
115 133
116 134
116 135
117 136
118 137
118 138
119 139
119 140
120 141
121 142
121 143
122 144
123 145
123 146
124 147
124 148
125 149
126 150
126 151
127 152
128 153
128 154
129 155
129 156
130 157
131 158
131 159
132 160
133 161
133 162
134 163
134 164
135 165
136 166
136 167
137 168
138 169
138 170
139 171
140 172
140 173
141 174
141 175
142 176
142 177
142 178
143 179
143 180
143 181
143 178
143 176
142 175
141 173
140 171
139 170
138 168
137 167
136 165
135 164
134 162
133 160
132 159
131 157
130 156
129 154
128 152
127 151
126 149
125 148
124 146
123 144
122 143
121 141
120 140
119 138
118 136
117 135
116 133
115 132
114 130
113 129
112 127
111 125
110 124
109 122
108 121
107 119
106 117
105 116
104 114
103 113
102 111
101 109
100 108
99 106
98 105
97 103
96 102
95 100
94 98
93 97
92 95
91 94
90 92
89 90
88 89
87 87
86 86
85 84
84 82
83 81
82 79
81 78
80 76
79 74
78 73
77 71
76 70
75 68
68 36
63 20
62 18
61 16
60 15
59 13
58 12
57 11
56 10
56 9
55 8
54 7
52 6
51 5
50 4
49 3
47 2
45 1
44 0
