0 39
1 40
1 41
1 42
0 43
0 44
0 45
0 46
0 47
0 48
0 49
1 39
1 38
2 37
1 37
2 36
1 36
2 35
2 34
3 33
2 33
3 32
2 32
3 31
4 30
3 30
4 29
3 29
4 28
5 27
4 27
5 26
4 26
5 25
6 25
6 24
5 24
6 23
7 23
7 22
6 22
7 21
8 21
8 20
7 20
8 19
9 19
10 18
9 18
8 18
9 17
10 17
11 16
10 16
11 15
12 15
13 14
12 14
11 14
12 13
13 13
14 12
13 12
14 11
15 11
16 10
15 10
16 9
15 9
16 8
17 9
18 8
17 8
18 7
19 7
20 6
19 6
20 5
21 6
22 5
21 5
22 4
21 4
23 4
24 3
23 3
24 2
25 3
26 2
25 2
26 1
27 2
28 1
27 1
28 0
27 0
29 1
30 1
31 1
32 2
31 3
30 3
29 3
28 4
27 4
26 5
25 5
24 6
23 7
22 8
21 8
20 9
19 10
18 11
17 12
16 13
15 14
15 15
14 16
13 17
12 18
12 19
11 20
10 21
10 22
9 23
9 24
8 25
8 26
7 27
7 28
7 29
6 30
6 31
6 32
5 33
5 34
5 35
4 36
4 37
4 38
4 39
4 40
4 41
3 42
3 43
3 44
3 45
3 46
3 47
3 48
3 49
3 50
3 51
3 52
3 53
4 54
4 55
4 56
4 57
4 58
4 59
5 60
5 61
5 62
5 63
6 64
6 65
6 66
7 67
7 68
7 69
8 70
8 71
8 72
9 73
9 74
10 75
10 76
11 77
11 78
12 79
12 80
13 81
13 82
14 83
15 84
15 85
16 86
17 87
18 88
18 89
19 90
20 91
21 92
22 93
23 94
24 94
25 95
26 96
27 97
28 98
29 98
30 99
31 99
32 100
33 101
34 101
35 101
36 102
37 102
38 103
39 103
40 103
41 103
42 104
43 104
44 104
45 104
46 104
47 104
48 105
49 105
50 105
51 105
52 105
53 104
52 104
51 104
50 104
49 104
48 104
54 104
55 104
56 104
57 104
58 104
59 103
58 103
60 103
61 103
62 102
61 102
63 102
64 101
63 101
64 100
65 101
66 100
65 100
66 99
67 100
68 99
67 99
68 98
67 98
69 98
70 97
69 97
70 96
71 97
72 96
71 96
72 95
71 95
72 94
73 95
74 94
73 94
74 93
73 93
74 92
75 93
76 92
75 92
76 91
75 91
76 90
77 91
78 90
77 90
78 89
77 89
78 88
79 89
80 88
79 88
80 87
79 87
80 86
81 87
82 86
81 86
82 85
81 85
82 84
83 85
83 84
84 83
83 83
84 82
85 82
86 81
85 81
84 81
85 80
86 80
87 80
88 79
87 79
86 79
87 78
88 78
89 77
88 77
89 76
90 76
91 75
90 75
89 75
90 74
91 74
92 74
92 73
91 73
92 72
93 72
94 71
93 71
94 70
95 70
96 69
95 69
94 69
95 68
96 68
97 68
97 67
96 67
97 66
98 66
99 65
98 65
99 64
98 64
99 63
100 64
101 63
100 63
101 62
100 62
101 61
102 61
103 60
102 60
103 59
104 59
105 58
104 58
103 58
104 57
105 57
106 57
107 56
106 56
105 56
106 55
107 55
108 55
109 54
108 54
107 54
108 53
109 53
110 53
111 52
110 52
111 51
112 51
113 51
114 50
113 50
112 50
114 49
115 49
116 49
117 48
116 48
115 48
117 47
118 48
119 47
118 47
120 47
121 46
120 46
122 46
123 46
124 45
123 45
125 45
126 45
127 44
128 44
129 44
130 44
131 44
132 44
133 44
134 44
135 43
134 43
136 43
137 43
138 43
139 43
140 43
141 43
142 43
143 43
144 43
145 43
146 43
147 43
148 43
149 43
150 43
151 43
152 43
153 43
154 43
155 43
156 43
157 43
158 43
159 43
160 42
159 42
160 41
161 42
162 41
161 41
162 40
161 40
162 39
163 39
163 38
162 38
163 37
162 37
162 36
162 35
161 35
162 34
161 34
160 34
161 33
160 33
160 32
159 32
159 31
158 31
157 31
158 30
157 30
156 30
157 29
156 29
155 29
154 29
155 28
154 28
153 28
152 28
151 28
152 27
151 27
150 27
149 27
148 27
147 27
146 27
145 27
146 26
145 26
144 26
143 26
142 26
141 26
140 26
139 26
138 26
137 26
136 26
135 26
134 26
133 26
132 26
131 26
130 26
129 26
128 26
127 26
126 27
125 27
124 27
123 27
122 27
121 28
120 28
119 28
118 28
117 29
116 29
115 29
114 30
113 30
112 31
111 31
110 31
109 32
108 32
107 33
106 33
105 34
104 35
103 35
102 36
101 37
100 38
99 39
98 40
97 41
96 42
95 43
94 44
94 45
93 46
92 47
91 48
91 49
90 50
89 51
89 52
88 53
88 54
87 55
86 56
86 57
85 58
84 59
84 60
83 61
83 62
82 63
82 64
81 65
80 66
80 67
79 68
79 69
78 70
77 71
77 72
76 73
75 74
75 75
74 76
73 77
72 78
72 79
71 80
70 81
69 82
68 83
67 83
66 84
65 85
64 85
63 86
62 86
61 87
60 87
59 87
58 88
57 88
56 88
55 88
54 88
53 88
52 88
51 88
50 88
49 88
48 88
47 88
46 88
45 88
44 88
43 88
42 88
43 87
42 87
41 87
40 87
39 87
40 86
39 86
38 86
37 86
38 85
37 85
36 85
35 85
36 84
35 84
34 84
35 83
34 83
33 83
32 83
33 82
32 82
31 82
32 81
31 81
30 81
31 80
30 80
29 80
30 79
29 79
28 79
29 78
28 78
28 77
27 77
27 76
26 76
27 75
26 75
26 74
25 74
26 73
25 73
24 73
25 72
24 72
24 71
23 71
24 70
23 70
23 69
22 69
23 68
22 68
22 67
22 66
21 66
22 65
21 65
21 64
21 63
20 63
21 62
20 62
20 61
20 60
20 59
19 59
20 58
19 58
19 57
19 56
19 55
18 55
19 54
18 54
19 53
18 53
19 52
18 52
19 51
18 51
18 50
18 49
19 48
18 48
19 47
18 47
19 46
18 46
19 45
18 45
19 44
18 44
19 43
19 42
20 41
19 41
20 40
19 40
20 39
21 38
20 38
21 37
20 37
21 36
22 35
21 35
22 34
21 34
22 33
23 34
23 33
24 32
23 32
24 31
23 31
24 30
25 30
26 29
25 29
24 29
25 28
26 28
27 27
26 27
27 26
28 26
29 25
28 25
29 24
28 24
29 23
30 24
31 23
30 23
31 22
30 22
31 21
32 22
33 21
32 21
33 20
32 20
34 20
35 19
34 19
35 18
36 18
37 18
38 17
37 17
36 17
37 16
38 16
39 16
40 15
39 15
38 15
39 14
40 14
41 14
42 13
41 13
40 13
41 12
42 12
43 12
43 11
42 11
43 10
42 10
43 9
42 9
42 8
41 8
42 7
41 7
41 6
40 6
41 5
40 5
39 5
40 4
39 4
38 4
39 3
38 3
37 3
36 3
36 2
35 2
34 2
33 2
32 3
33 3
37 1
38 1
39 1
40 1
41 2
42 3
43 4
43 5
44 6
45 7
45 8
45 9
46 10
46 11
46 12
45 13
44 14
43 15
42 16
41 17
40 18
39 19
38 20
37 21
36 22
35 23
34 23
33 24
32 25
31 26
30 27
29 28
28 29
28 30
27 31
26 32
26 33
25 34
25 35
24 36
24 37
23 38
23 39
23 40
22 41
22 42
22 43
22 44
21 45
21 46
21 47
21 48
21 49
21 50
21 51
21 52
21 53
21 54
22 55
22 56
22 57
22 58
22 59
23 60
23 61
23 62
24 63
24 64
24 65
25 66
25 67
26 68
26 69
26 70
27 71
28 72
28 73
29 74
29 75
30 76
31 77
32 78
33 79
34 80
35 81
36 81
37 82
38 83
39 83
40 84
41 84
42 84
43 85
44 85
45 85
46 85
47 85
48 86
49 86
50 86
51 86
52 86
53 86
54 86
55 85
54 85
53 85
52 85
51 85
50 85
49 85
48 85
56 85
57 85
58 85
59 85
60 84
59 84
58 84
61 84
62 84
63 83
62 83
61 83
63 82
64 83
65 82
64 82
65 81
64 81
66 81
67 81
68 80
67 80
66 80
67 79
68 79
69 79
70 78
69 78
68 78
69 77
70 77
71 76
70 76
71 75
72 75
73 74
72 74
71 74
72 73
73 73
74 72
73 72
74 71
73 71
74 70
75 71
75 70
76 69
75 69
76 68
75 68
76 67
77 68
77 67
78 66
77 66
78 65
77 65
78 64
79 64
80 63
79 63
78 63
79 62
80 62
81 61
80 61
81 60
80 60
81 59
82 59
82 58
81 58
82 57
83 57
84 56
83 56
84 55
83 55
84 54
85 54
86 53
85 53
84 53
85 52
86 52
87 51
86 51
87 50
86 50
87 49
88 49
89 48
88 48
87 48
88 47
89 47
90 46
89 46
90 45
89 45
90 44
91 45
92 44
91 44
92 43
91 43
92 42
93 42
94 41
93 41
92 41
93 40
94 40
95 40
96 39
95 39
94 39
95 38
96 38
97 38
98 37
97 37
96 37
97 36
98 36
99 36
100 35
99 35
98 35
99 34
100 34
101 34
102 33
101 33
102 32
103 33
104 32
103 32
104 31
105 31
106 31
107 30
106 30
105 30
107 29
108 30
109 29
108 29
109 28
110 29
111 28
110 28
112 28
113 28
114 27
113 27
112 27
115 27
116 26
115 26
117 26
118 26
119 26
120 25
119 25
118 25
121 25
122 25
123 25
124 24
123 24
122 24
121 24
125 24
126 24
127 24
128 24
129 24
130 24
131 23
130 23
129 23
128 23
127 23
126 23
132 23
133 23
134 23
135 23
136 23
137 23
138 23
139 23
140 23
141 23
142 23
143 23
144 23
145 23
146 24
147 24
148 24
149 24
150 24
151 24
152 25
153 25
154 25
155 26
156 26
157 27
158 27
159 28
160 29
161 30
162 31
163 32
164 33
164 34
165 35
165 36
165 37
165 38
165 39
165 40
165 41
164 42
163 43
162 44
161 45
160 46
159 47
158 48
157 48
156 48
155 48
154 48
153 48
152 48
151 48
150 48
149 48
148 48
147 48
146 48
145 48
144 48
143 48
142 48
141 48
140 48
139 48
138 48
137 48
136 48
135 48
134 49
133 49
132 49
131 49
130 49
129 49
128 49
127 50
126 50
125 50
124 50
123 50
122 51
121 51
120 51
119 52
118 52
117 53
116 53
115 53
114 54
113 54
112 55
111 56
110 56
109 57
108 58
107 59
106 60
105 61
104 62
103 63
103 64
102 65
101 66
100 67
99 68
99 69
98 70
97 71
96 72
95 73
94 74
94 75
93 76
92 77
91 78
90 79
90 80
89 81
88 82
87 83
86 84
85 85
85 86
84 87
83 88
82 89
81 90
80 91
79 92
78 93
77 94
76 95
75 96
74 97
73 98
72 99
71 100
70 101
69 102
68 102
67 103
66 104
65 105
64 105
63 106
62 106
61 107
60 107
59 108
58 108
57 108
56 109
55 109
54 109
53 109
52 110
51 110
50 110
49 110
53 110
54 110
57 110
58 109
57 109
60 108
61 108
62 107
63 107
64 106
66 105
67 104
68 103
69 103
70 102
71 101
72 100
73 100
74 99
73 99
74 98
75 98
76 97
75 97
76 96
77 96
78 95
77 95
78 94
79 94
80 93
79 93
80 92
81 92
82 91
81 91
82 90
83 89
84 88
85 87
86 86
87 85
86 85
87 84
88 84
89 83
88 83
89 82
90 81
91 80
92 79
91 79
92 78
93 78
93 77
94 76
95 75
96 74
95 74
96 73
97 73
97 72
98 71
99 70
100 69
101 68
100 68
101 67
102 67
102 66
103 65
104 64
105 63
104 63
105 62
106 62
107 61
106 61
107 60
108 60
109 59
108 59
109 58
110 58
111 57
110 57
112 56
113 55
114 55
115 54
116 54
118 53
120 52
135 49
136 49
137 49
138 49
139 49
140 49
141 49
142 49
143 49
144 49
145 49
146 49
147 49
148 49
149 49
150 49
151 49
152 49
153 49
154 49
155 49
156 49
159 48
160 47
161 47
162 46
161 46
162 45
163 45
164 44
163 44
164 43
165 43
165 42
166 40
166 39
166 38
166 37
166 36
165 34
165 33
164 32
164 31
163 31
163 30
162 30
162 29
161 29
161 28
160 28
160 27
159 27
158 26
157 26
156 25
155 25
153 24
152 24
149 23
148 23
147 23
146 23
44 84
43 84
41 83
40 83
39 82
38 82
37 81
36 80
35 80
35 79
34 79
34 78
33 78
33 77
32 77
32 76
31 76
31 75
30 75
30 74
29 73
29 72
28 71
28 70
27 70
27 69
27 68
26 67
25 65
25 64
24 62
24 61
23 59
23 58
23 57
22 54
22 53
22 52
22 51
22 50
22 49
22 48
22 47
22 46
22 45
23 42
23 41
24 39
24 38
25 37
25 36
26 35
26 34
27 33
28 32
27 32
28 31
29 30
30 29
29 29
30 28
31 28
32 27
31 27
32 26
33 26
34 25
33 25
34 24
35 24
36 23
37 22
38 21
39 20
40 20
41 19
40 19
41 18
42 18
43 17
42 17
43 16
44 16
45 15
44 15
45 14
46 13
46 9
46 8
45 6
45 5
44 5
44 4
43 3
42 2
41 1
40 0
39 0
38 0
37 0
36 0
47 89
48 89
49 89
50 89
51 89
52 89
53 89
54 89
55 89
59 88
60 88
62 87
63 87
64 86
65 86
66 85
67 85
68 84
67 84
69 83
70 82
71 81
72 80
73 79
74 78
73 78
74 77
75 77
75 76
76 75
77 74
76 74
77 73
78 72
79 71
78 71
79 70
80 69
80 68
81 67
82 66
81 66
82 65
83 64
83 63
84 62
84 61
85 60
86 59
85 59
86 58
87 57
87 56
88 55
89 54
89 53
90 52
91 51
90 51
91 50
92 49
93 48
92 48
93 47
94 46
95 45
96 44
95 44
96 43
97 43
97 42
98 41
99 40
100 39
101 39
102 38
101 38
102 37
103 37
104 36
103 36
105 35
106 35
107 34
106 34
108 34
109 33
108 33
110 33
111 32
110 32
112 32
113 31
115 30
116 30
118 29
119 29
120 29
122 28
123 28
124 28
127 27
128 27
129 27
130 27
131 27
132 27
147 26
148 26
42 103
38 102
36 101
34 100
33 100
32 99
30 98
29 97
28 97
27 96
26 95
25 94
23 93
22 92
21 91
20 90
19 89
19 88
18 87
17 86
16 85
15 83
14 82
13 80
12 78
11 76
10 74
9 72
8 69
5 59
4 53
4 46
4 45
4 44
4 43
4 42
5 38
5 37
5 36
6 34
6 33
7 30
8 28
8 27
9 26
9 25
10 24
10 23
11 22
12 21
11 21
12 20
13 19
14 18
13 18
14 17
15 16
16 15
17 14
16 14
17 13
18 13
19 12
18 12
19 11
20 11
21 10
20 10
21 9
22 9
23 8
24 7
25 7
26 6
25 6
27 5
28 5
29 4
30 4
32 0
31 0
30 0
29 0
33 0
0 51
0 52
0 53
0 54
0 55
0 56
0 57
0 58
0 59
0 60
0 61
1 62
1 63
1 64
1 65
1 66
2 67
2 68
2 69
2 70
3 71
3 72
3 73
4 74
4 75
4 76
5 77
5 78
6 79
6 80
7 81
7 82
8 83
8 84
9 85
10 86
10 87
11 88
11 89
12 90
13 91
14 92
14 93
15 94
16 95
17 96
18 97
19 98
20 99
21 100
22 100
23 101
24 102
25 103
26 103
27 104
28 105
29 105
30 106
31 106
32 107
33 107
34 107
35 108
36 108
37 108
38 109
39 110
40 109
39 109
40 108
39 108
38 108
41 109
42 110
43 110
44 110
45 110
46 110
47 110
45 109
44 109
43 109
42 109
35 107
32 106
30 105
29 104
28 104
27 103
25 102
24 101
23 100
21 99
20 98
19 97
18 96
17 95
16 94
15 93
14 91
13 90
12 89
11 87
10 85
9 84
8 82
7 80
6 78
5 76
4 73
3 70
2 66
2 65
1 61
1 60
1 59
1 57
