22 93
23 88
23 94
24 86
24 96
25 90
25 97
26 86
26 92
26 99
27 87
27 93
27 99
28 43
28 82
28 89
28 100
29 34
29 43
29 49
29 81
29 88
29 101
30 28
30 34
30 40
30 51
30 80
30 101
31 24
31 38
31 45
31 54
31 79
31 85
31 102
31 195
32 21
32 38
32 47
32 54
32 77
32 85
32 102
32 180
32 186
32 192
33 18
33 39
33 49
33 55
33 75
33 82
33 103
33 158
33 164
33 170
33 176
34 15
34 40
34 51
34 57
34 65
34 73
34 79
34 85
34 103
34 119
34 125
34 131
34 137
34 143
34 149
34 155
35 12
35 40
35 52
35 58
35 69
35 75
35 86
35 103
35 109
35 115
36 9
36 40
36 53
36 59
36 65
36 71
36 85
36 103
37 0
37 6
37 41
37 54
37 60
37 66
37 72
37 78
37 85
37 91
37 103
38 6
38 42
38 59
38 66
38 72
38 84
38 93
38 103
39 8
39 15
39 45
39 60
39 73
39 86
39 98
40 8
40 14
40 47
40 61
40 73
40 89
40 98
41 11
41 19
41 49
41 55
41 62
41 74
41 91
41 97
41 104
42 19
42 50
42 58
42 64
42 75
42 92
42 98
42 104
42 138
43 19
43 51
43 59
43 65
43 75
43 93
43 101
43 137
43 143
44 19
44 52
44 58
44 65
44 76
44 92
44 101
44 137
44 143
45 20
45 53
45 66
45 77
45 92
45 98
45 136
45 142
46 22
46 54
46 60
46 67
46 77
46 91
46 100
46 135
46 146
47 24
47 55
47 62
47 68
47 77
47 90
47 100
47 131
47 137
47 148
48 27
48 56
48 63
48 69
48 78
48 89
48 95
48 102
48 130
48 136
48 142
48 152
49 30
49 55
49 64
49 79
49 89
49 95
49 129
49 138
49 144
49 150
50 31
50 55
50 63
50 69
50 79
50 88
50 96
50 128
50 137
50 149
50 156
51 33
51 55
51 61
51 69
51 80
51 87
51 96
51 128
51 137
51 149
51 155
52 36
52 56
52 62
52 70
52 81
52 87
52 97
52 127
52 137
52 149
52 155
52 161
53 38
53 62
53 71
53 82
53 97
53 127
53 137
53 143
53 149
53 156
53 162
54 40
54 64
54 71
54 83
54 97
54 126
54 136
54 143
54 152
54 158
54 164
55 41
55 65
55 72
55 83
55 98
55 126
55 135
55 143
55 153
55 159
55 198
56 43
56 65
56 72
56 83
56 98
56 119
56 126
56 135
56 143
56 153
56 160
56 197
57 44
57 66
57 72
57 82
57 98
57 118
57 125
57 135
57 153
57 161
57 197
58 46
58 67
58 73
58 81
58 98
58 118
58 124
58 132
58 138
58 163
58 197
59 47
59 70
59 80
59 97
59 118
59 124
59 132
59 141
59 165
59 196
60 49
60 70
60 80
60 97
60 118
60 131
60 139
60 166
60 196
61 50
61 70
61 76
61 97
61 117
61 131
61 139
61 167
61 196
62 52
62 70
62 77
62 97
62 118
62 130
62 138
62 168
62 196
63 54
63 70
63 76
63 117
63 129
63 137
63 170
63 196
64 55
64 71
64 77
64 116
64 129
64 137
64 171
64 196
65 58
65 71
65 115
65 129
65 172
65 196
66 59
66 71
66 112
66 128
66 173
66 196
67 62
67 72
67 111
67 118
67 128
67 173
67 196
68 64
68 72
68 98
68 106
68 113
68 119
68 127
68 174
68 197
69 65
69 72
69 102
69 108
69 117
69 126
69 132
69 175
70 67
70 101
70 116
70 126
70 175
70 182
71 68
71 116
71 125
71 131
71 176
71 182
72 69
72 113
72 125
72 131
72 177
72 183
73 69
73 109
73 125
73 178
73 184
74 69
74 108
74 128
74 179
74 185
75 69
75 107
75 128
75 179
75 185
76 68
76 107
76 130
76 180
76 186
76 192
77 68
77 107
77 131
77 181
77 193
78 67
78 110
78 130
78 181
78 195
79 67
79 130
79 182
79 197
80 67
80 105
80 131
80 182
80 198
81 67
81 105
81 131
81 183
81 198
82 67
82 103
82 111
82 130
82 184
82 198
83 67
83 103
83 112
83 130
83 184
83 190
83 198
84 67
84 103
84 112
84 129
84 185
84 191
84 197
85 67
85 102
85 108
85 129
85 185
85 195
86 67
86 101
86 110
86 129
86 162
86 185
86 197
87 67
87 130
87 161
87 186
87 194
88 67
88 161
88 167
88 184
88 190
88 196
89 68
89 160
89 168
89 174
89 180
89 189
90 68
90 159
90 183
90 189
91 68
91 158
91 184
92 68
92 157
92 183
93 68
93 156
93 181
93 187
94 68
94 155
94 180
94 187
95 68
95 154
95 179
95 187
96 69
96 113
96 153
96 179
96 185
97 69
97 114
97 152
97 178
97 185
98 69
98 114
98 122
98 152
98 161
98 176
98 182
99 70
99 114
99 123
99 151
99 157
99 163
99 174
99 180
99 186
100 1
100 70
100 114
100 120
100 126
100 150
100 158
100 171
100 181
101 0
101 70
101 115
101 127
101 149
101 162
101 170
101 181
102 0
102 71
102 115
102 129
102 149
102 161
102 169
102 184
103 2
103 71
103 115
103 131
103 148
103 159
103 169
103 183
104 3
104 72
104 116
104 132
104 148
104 158
104 164
104 182
105 2
105 72
105 116
105 134
105 147
105 158
105 164
105 181
106 0
106 72
106 116
106 135
106 147
106 158
106 167
106 179
107 0
107 72
107 116
107 135
107 145
107 152
107 158
107 164
107 177
108 2
108 73
108 117
108 136
108 147
108 160
108 166
108 175
109 73
109 117
109 136
109 148
109 159
109 166
109 172
110 73
110 118
110 137
110 144
110 150
110 156
110 162
110 168
111 73
111 118
111 137
111 144
111 150
111 162
111 168
112 74
112 118
112 137
112 143
112 149
112 164
113 74
113 118
113 138
114 74
114 118
114 138
115 75
115 119
115 139
116 76
116 119
116 139
117 77
117 113
117 119
117 140
118 78
118 113
118 119
118 141
119 79
119 113
119 119
120 81
120 113
120 120
121 83
121 113
121 120
121 199
122 85
122 114
122 120
122 197
123 88
123 112
123 120
123 197
124 89
124 109
124 120
124 126
124 198
125 90
125 107
125 120
125 126
125 198
126 91
126 107
126 120
126 128
126 198
127 92
127 107
127 120
127 129
127 197
128 93
128 107
128 122
128 128
129 94
129 107
129 124
129 130
129 150
130 94
130 107
130 114
130 124
130 130
130 151
131 94
131 100
131 106
131 112
131 118
131 128
131 149
131 181
132 95
132 110
132 149
132 181
133 79
133 95
133 110
133 116
133 150
133 181
134 81
134 93
134 107
134 115
134 127
134 150
134 182
135 82
135 93
135 110
135 118
135 127
135 150
136 94
136 111
136 119
136 126
136 132
136 150
137 94
137 110
137 131
137 149
138 57
138 94
138 109
138 115
138 128
139 109
139 115
139 131
140 109
140 120
140 132
141 109
141 120
141 132
142 109
142 120
142 133
143 10
143 108
143 119
143 134
144 9
144 110
144 119
144 134
145 9
145 119
145 134
145 193
146 9
146 15
146 119
146 135
146 193
147 3
147 10
147 119
147 135
147 192
147 198
148 0
148 10
148 16
148 119
148 136
148 192
149 4
149 10
149 17
149 136
149 192
